# t a n e i omx omy omz A B C E lx ly lz ang lox loy loz Ixx Iyy Izz Ixy Iyz Ixz
0.000 6.000000e+02 6.8041e-02 0.0100 5.0000e-02 1.0408e-17 -1.7101e-01 4.6985e-01 0.698 0.624 0.339 1.227 0.00938 -0.11444 0.32863 0.28633 -0.00000 -1224.17402 24463.07417 0.34010 0.62743 0.69392 -0.00334 -0.01520 0.01874 
100.004 6.138679e+02 6.5749e-02 0.0465 5.1313e-02 -6.6235e-02 -1.6080e-01 4.7461e-01 0.690 0.610 0.319 1.307 -0.02695 -0.10904 0.32855 0.27876 -117.79162 -1263.95026 24716.95183 0.32243 0.61470 0.68083 -0.02643 -0.02516 -0.02074 
200.000 6.260019e+02 6.3846e-02 0.0681 5.2532e-02 -1.0659e-01 -1.2104e-01 4.7584e-01 0.689 0.611 0.320 1.302 -0.06219 -0.08647 0.32841 0.26562 -310.34852 -1273.41721 24927.48602 0.34017 0.61273 0.66658 -0.04217 -0.03529 -0.06522 
300.000 6.247544e+02 6.4038e-02 0.0449 5.0959e-02 -1.2216e-01 -7.2142e-02 4.8217e-01 0.686 0.608 0.318 1.306 -0.09034 -0.05620 0.32686 0.27298 -551.56219 -1146.07378 24937.49920 0.36916 0.59678 0.64560 -0.05853 -0.04209 -0.10258 
400.000 6.183846e+02 6.5030e-02 0.0316 4.9080e-02 -1.2528e-01 -2.2755e-02 4.8601e-01 0.685 0.606 0.320 1.340 -0.10100 -0.02215 0.32707 0.27429 -640.33099 -1037.73027 24825.02302 0.39599 0.57168 0.64280 -0.08439 -0.04056 -0.10970 
500.000 6.100157e+02 6.6373e-02 0.0187 5.0417e-02 -1.2003e-01 2.2914e-02 4.8664e-01 0.686 0.608 0.319 1.313 -0.09262 0.01536 0.33016 0.25815 -735.92813 -1003.56742 24662.79598 0.40499 0.54954 0.65856 -0.11557 -0.02281 -0.08500 
600.004 6.114263e+02 6.6143e-02 0.0251 5.2740e-02 -1.1027e-01 5.8620e-02 4.8841e-01 0.686 0.607 0.319 1.326 -0.07166 0.04837 0.33376 0.25030 -893.90823 -948.13606 24684.88428 0.40610 0.53222 0.67393 -0.13306 0.00512 -0.03906 
700.004 6.129533e+02 6.5896e-02 0.0335 5.2647e-02 -8.4891e-02 8.3784e-02 4.9103e-01 0.688 0.608 0.319 1.325 -0.04387 0.06923 0.33653 0.24877 -1037.93134 -786.24794 24709.74130 0.42052 0.51302 0.68157 -0.13927 0.02938 0.00713 
800.004 6.182884e+02 6.5045e-02 0.0113 4.9481e-02 -3.5702e-02 1.0122e-01 4.9519e-01 0.687 0.608 0.318 1.325 -0.01324 0.07343 0.33889 0.23601 -1092.19479 -565.23351 24833.39679 0.44838 0.48629 0.67890 -0.14026 0.03877 0.03426 
900.004 6.223191e+02 6.4414e-02 0.0116 4.8416e-02 2.9392e-02 1.0298e-01 4.9365e-01 0.689 0.611 0.317 1.309 0.01933 0.06203 0.34089 0.22263 -1112.60795 -468.58255 24915.41828 0.47998 0.45696 0.68006 -0.14195 0.03879 0.04019 
1000.004 6.225919e+02 6.4372e-02 0.0389 5.1399e-02 8.5836e-02 8.0252e-02 4.9300e-01 0.686 0.607 0.319 1.325 0.04911 0.04033 0.34037 0.23275 -1228.94972 -361.27026 24899.94468 0.50462 0.42875 0.67871 -0.13571 0.03564 0.03386 
1100.004 6.139523e+02 6.5735e-02 0.0325 5.3330e-02 1.0694e-01 2.9504e-02 4.9177e-01 0.686 0.607 0.319 1.313 0.06327 0.01207 0.33872 0.24118 -1307.98356 -178.42293 24729.79048 0.52959 0.40015 0.68250 -0.12696 0.02814 0.02110 
1200.004 6.030289e+02 6.7529e-02 0.0385 5.1571e-02 8.8173e-02 -4.2158e-02 4.9293e-01 0.685 0.606 0.319 1.325 0.05757 -0.02157 0.33768 0.22950 -1264.33057 38.10016 24505.80301 0.54963 0.37630 0.68424 -0.11419 0.00886 0.00871 
1300.004 6.132122e+02 6.5854e-02 0.0343 4.8732e-02 4.8598e-02 -1.0198e-01 4.8960e-01 0.685 0.607 0.319 1.325 0.03807 -0.05294 0.33659 0.22800 -1192.43708 177.53041 24719.20051 0.56867 0.35927 0.68250 -0.09844 -0.02353 0.00082 
1400.004 6.240832e+02 6.4141e-02 0.0497 4.9161e-02 7.1880e-03 -1.2350e-01 4.8829e-01 0.685 0.607 0.319 1.325 0.01223 -0.07308 0.33583 0.24015 -1195.19382 273.64917 24920.61368 0.58650 0.35099 0.67271 -0.07692 -0.05975 -0.00305 
1500.004 6.278439e+02 6.3566e-02 0.0689 5.2501e-02 -3.5570e-02 -1.0529e-01 4.9279e-01 0.686 0.607 0.319 1.325 -0.01904 -0.07615 0.33646 0.24229 -1213.51377 498.18360 24962.87581 0.59862 0.34874 0.66445 -0.05074 -0.08368 -0.00626 
1600.004 6.197916e+02 6.4808e-02 0.0561 5.2725e-02 -8.2238e-02 -6.9740e-02 4.9522e-01 0.687 0.608 0.318 1.313 -0.05563 -0.06401 0.33647 0.24350 -1119.61005 680.03878 24821.90597 0.60770 0.34067 0.66520 -0.01916 -0.08447 -0.01412 
1700.004 6.067426e+02 6.6910e-02 0.0208 4.9705e-02 -1.2180e-01 -4.1493e-02 4.9014e-01 0.688 0.610 0.318 1.313 -0.08714 -0.04204 0.33396 0.26502 -943.02151 779.63308 24596.39665 0.61846 0.32700 0.67081 0.00855 -0.05596 -0.02337 
1800.004 6.110953e+02 6.6197e-02 0.0390 4.8803e-02 -1.4164e-01 -1.7633e-02 4.8526e-01 0.687 0.608 0.318 1.325 -0.10267 -0.01051 0.33075 0.27368 -862.54084 841.50555 24672.17695 0.62045 0.32013 0.67282 0.02275 -0.00338 -0.02966 
1900.004 6.190266e+02 6.4929e-02 0.0619 5.0680e-02 -1.3965e-01 1.7298e-02 4.8389e-01 0.686 0.607 0.319 1.325 -0.09981 0.02746 0.32842 0.26523 -806.36109 965.55046 24800.72761 0.61148 0.33227 0.66782 0.03344 0.05452 -0.03099 
2000.004 6.217824e+02 6.4497e-02 0.0387 5.2933e-02 -1.2343e-01 7.6384e-02 4.8196e-01 0.684 0.606 0.319 1.325 -0.08385 0.06678 0.32619 0.26946 -632.99417 1156.40813 24882.00393 0.59630 0.35877 0.65429 0.05075 0.09470 -0.02931 
2100.004 6.221131e+02 6.4446e-02 0.0301 5.1287e-02 -9.5447e-02 1.3982e-01 4.7284e-01 0.685 0.606 0.319 1.325 -0.05941 0.09630 0.32390 0.28604 -437.68138 1200.77855 24898.12376 0.58222 0.38017 0.64753 0.07420 0.10622 -0.03006 
2200.004 6.177976e+02 6.5122e-02 0.0077 4.8559e-02 -4.8860e-02 1.7863e-01 4.6881e-01 0.685 0.606 0.319 1.325 -0.02493 0.10899 0.32519 0.28260 -291.11027 1170.80382 24825.52022 0.56320 0.39153 0.65480 0.09684 0.09339 -0.03137 
2300.004 6.120179e+02 6.6047e-02 0.0218 4.9694e-02 1.7460e-02 1.7661e-01 4.7280e-01 0.686 0.608 0.319 1.325 0.01641 0.10649 0.32813 0.27055 -205.41241 1211.29546 24702.60971 0.54254 0.40155 0.66861 0.11746 0.07089 -0.02919 
2400.004 6.057338e+02 6.7078e-02 0.0356 5.2107e-02 8.7297e-02 1.3922e-01 4.7849e-01 0.687 0.610 0.318 1.306 0.05502 0.09267 0.32979 0.27287 -23.69150 1280.82329 24562.73109 0.52089 0.41554 0.67856 0.13305 0.04849 -0.01876 
2500.004 6.149196e+02 6.5580e-02 0.0144 5.2313e-02 1.3604e-01 8.4404e-02 4.8084e-01 0.688 0.609 0.318 1.342 0.08157 0.06865 0.33050 0.27386 226.85007 1276.51177 24761.09040 0.49988 0.43320 0.68191 0.14368 0.02608 0.00299 
2600.004 6.224293e+02 6.4397e-02 0.0128 4.9829e-02 1.4710e-01 3.0279e-02 4.8401e-01 0.687 0.608 0.319 1.325 0.09219 0.03450 0.33244 0.26026 368.56047 1186.61787 24915.54667 0.48367 0.45290 0.67655 0.14714 -0.00177 0.03427 
2700.004 6.245563e+02 6.4068e-02 0.0430 4.9013e-02 1.2599e-01 -1.6677e-02 4.8803e-01 0.686 0.608 0.318 1.325 0.08918 -0.00658 0.33364 0.25131 455.45003 1135.33149 24938.08309 0.47188 0.47551 0.66552 0.14104 -0.03365 0.06574 
2800.004 6.174204e+02 6.5182e-02 0.0398 5.1174e-02 8.9916e-02 -5.0776e-02 4.9290e-01 0.685 0.606 0.319 1.313 0.07469 -0.04125 0.33306 0.25697 588.88304 1125.23779 24795.80007 0.45041 0.50480 0.65503 0.12659 -0.05477 0.08241 
2900.004 6.078161e+02 6.6733e-02 0.0497 5.2396e-02 5.1753e-02 -7.2734e-02 4.9421e-01 0.685 0.606 0.319 1.340 0.04753 -0.06019 0.33401 0.24256 811.63053 1002.13927 24589.66569 0.41531 0.53421 0.66032 0.11845 -0.05556 0.07011 
3000.004 6.112949e+02 6.6164e-02 0.0369 5.1005e-02 2.0742e-02 -8.7570e-02 4.9410e-01 0.685 0.606 0.319 1.342 0.01333 -0.06533 0.33657 0.22568 936.36434 842.59874 24675.38451 0.38323 0.55378 0.67297 0.11554 -0.03891 0.03138 
3100.004 6.188634e+02 6.4954e-02 0.0475 4.9122e-02 -9.4833e-03 -8.9684e-02 4.9667e-01 0.686 0.607 0.319 1.325 -0.02097 -0.05898 0.33941 0.22485 979.12177 728.04052 24818.90757 0.36505 0.56650 0.68047 0.10690 -0.01441 -0.01596 
3200.004 6.251856e+02 6.3972e-02 0.0648 5.0479e-02 -4.6538e-02 -7.2651e-02 4.9901e-01 0.687 0.609 0.318 1.317 -0.04738 -0.04269 0.34081 0.23480 1073.69826 657.38997 24919.32836 0.35486 0.57979 0.67941 0.08736 0.00702 -0.04914 
3300.004 6.236744e+02 6.4204e-02 0.0606 5.2297e-02 -8.3399e-02 -2.7207e-02 4.9902e-01 0.687 0.609 0.318 1.325 -0.05905 -0.01246 0.34220 0.22599 1192.35166 525.57103 24893.51134 0.34257 0.59495 0.67707 0.06184 0.01781 -0.05770 
3400.004 6.154545e+02 6.5495e-02 0.0293 5.1547e-02 -1.0591e-01 3.4963e-02 4.9406e-01 0.687 0.609 0.318 1.313 -0.05898 0.02626 0.34097 0.23098 1251.62203 256.76847 24764.76977 0.33102 0.60564 0.67787 0.03783 0.01840 -0.05110 
3500.004 6.108398e+02 6.6238e-02 0.0322 4.9457e-02 -9.1945e-02 8.6965e-02 4.8888e-01 0.686 0.608 0.319 1.313 -0.04564 0.05732 0.33739 0.24479 1217.04666 100.74750 24672.14685 0.32269 0.60824 0.68156 0.01231 0.01137 -0.03486 
3600.004 6.104568e+02 6.6301e-02 0.0532 4.9437e-02 -3.4652e-02 1.1685e-01 4.8765e-01 0.685 0.607 0.319 1.342 -0.01855 0.07446 0.33472 0.24164 1219.18833 10.38366 24642.32070 0.31970 0.60702 0.68395 -0.01120 0.00644 -0.01263 
3700.004 6.180354e+02 6.5085e-02 0.0326 5.2053e-02 4.3174e-02 1.2454e-01 4.8531e-01 0.684 0.606 0.319 1.325 0.01829 0.07932 0.33333 0.23874 1285.67368 -135.47222 24813.47784 0.32399 0.60310 0.68235 -0.03241 0.01155 0.01719 
3800.004 6.236304e+02 6.4211e-02 0.0264 5.2805e-02 1.0577e-01 1.1197e-01 4.7925e-01 0.685 0.606 0.319 1.325 0.05510 0.07426 0.33089 0.25796 1270.86850 -347.77067 24929.07432 0.33750 0.60004 0.67280 -0.05095 0.02599 0.05240 
3900.004 6.218632e+02 6.4485e-02 0.0030 5.0137e-02 1.3278e-01 7.5934e-02 4.8030e-01 0.686 0.607 0.319 1.325 0.08343 0.05555 0.32979 0.27319 1122.08161 -550.27697 24905.75017 0.36160 0.59279 0.65697 -0.06660 0.04036 0.08427 
4000.004 6.142226e+02 6.5692e-02 0.0204 4.8478e-02 1.3400e-01 1.9146e-02 4.8687e-01 0.687 0.609 0.318 1.307 0.09997 0.02125 0.33058 0.26654 1026.52345 -622.88997 24749.24087 0.38799 0.57620 0.64920 -0.08487 0.04435 0.10188 
4100.004 6.049206e+02 6.7213e-02 0.0392 5.0722e-02 1.3059e-01 -4.0072e-02 4.8834e-01 0.687 0.609 0.318 1.313 0.10500 -0.02050 0.33024 0.26840 1000.13350 -743.16984 24544.65934 0.40791 0.55303 0.65302 -0.10970 0.03274 0.09694 
4200.004 6.125035e+02 6.5969e-02 0.0186 5.3219e-02 1.2881e-01 -8.4067e-02 4.8207e-01 0.688 0.610 0.318 1.325 0.09665 -0.05869 0.32808 0.28037 937.48174 -923.95562 24709.51014 0.41312 0.53797 0.66400 -0.13297 0.00759 0.06691 
4300.004 6.196627e+02 6.4829e-02 0.0135 5.2574e-02 1.1689e-01 -1.1235e-01 4.7846e-01 0.686 0.608 0.319 1.325 0.07389 -0.08637 0.32651 0.28260 770.82061 -1056.74259 24856.37943 0.41338 0.52723 0.67217 -0.14046 -0.02239 0.02046 
4400.004 6.237722e+02 6.4189e-02 0.0458 4.9084e-02 7.4916e-02 -1.3487e-01 4.7972e-01 0.686 0.607 0.319 1.325 0.03691 -0.10237 0.32659 0.27310 569.88291 -1083.36652 24919.18073 0.42642 0.51315 0.67176 -0.13689 -0.04775 -0.02814 
4500.004 6.210045e+02 6.4619e-02 0.0481 4.8717e-02 4.9163e-03 -1.5616e-01 4.7765e-01 0.685 0.606 0.319 1.325 -0.00597 -0.10771 0.32566 0.27704 477.77458 -1114.00686 24861.59724 0.45398 0.49378 0.66193 -0.13142 -0.06271 -0.06014 
4600.000 6.151756e+02 6.5539e-02 0.0580 5.2159e-02 -6.5373e-02 -1.5906e-01 4.7172e-01 0.685 0.606 0.319 1.325 -0.04172 -0.09870 0.32558 0.27862 334.89428 -1246.72345 24727.28897 0.48111 0.47041 0.65796 -0.13010 -0.06865 -0.06563 
4700.000 6.110714e+02 6.6201e-02 0.0397 5.3325e-02 -1.1444e-01 -1.2668e-01 4.7457e-01 0.685 0.607 0.319 1.313 -0.06724 -0.07324 0.32964 0.26089 145.28276 -1308.47137 24665.23120 0.50535 0.44202 0.66352 -0.12912 -0.06747 -0.05429 
4800.000 6.120243e+02 6.6046e-02 0.0426 5.1508e-02 -1.3521e-01 -6.0549e-02 4.8391e-01 0.687 0.609 0.318 1.306 -0.08353 -0.03690 0.33441 0.24863 -38.18072 -1271.97022 24683.92688 0.52753 0.41429 0.67217 -0.12567 -0.05954 -0.04094 
4900.000 6.215831e+02 6.4528e-02 0.0587 4.8631e-02 -1.2991e-01 1.6402e-02 4.8944e-01 0.688 0.610 0.318 1.342 -0.08905 0.00132 0.33592 0.25751 -169.63788 -1197.92654 24859.14777 0.54726 0.38903 0.67905 -0.11864 -0.04183 -0.03271 
5000.000 6.258211e+02 6.3874e-02 0.0621 4.9853e-02 -1.0023e-01 6.9557e-02 4.9194e-01 0.687 0.609 0.318 1.306 -0.07610 0.03116 0.33723 0.25178 -284.54312 -1211.24616 24937.10921 0.56498 0.36744 0.68209 -0.10856 -0.01074 -0.02423 
5100.000 6.207723e+02 6.4655e-02 0.0311 5.2926e-02 -5.4410e-02 8.9587e-02 4.9385e-01 0.686 0.608 0.318 1.307 -0.04518 0.05333 0.33849 0.23174 -528.54767 -1206.72805 24868.41520 0.57756 0.35711 0.67841 -0.09729 0.03248 -0.01020 
5200.000 6.122177e+02 6.6015e-02 0.0258 5.2403e-02 -1.1814e-02 8.1050e-02 4.9620e-01 0.685 0.606 0.319 1.313 -0.01078 0.06391 0.33756 0.23108 -702.45383 -1088.62027 24700.85078 0.58658 0.35480 0.66913 -0.07620 0.06904 0.00468 
5300.000 6.049307e+02 6.7211e-02 0.0449 5.0050e-02 2.5019e-02 6.1018e-02 4.9826e-01 0.684 0.606 0.319 1.325 0.01967 0.05886 0.33698 0.22961 -777.03509 -952.50224 24539.83103 0.59623 0.34683 0.66597 -0.04904 0.07812 0.01554 
5400.000 6.148167e+02 6.5597e-02 0.0281 4.9125e-02 5.6038e-02 4.2805e-02 4.9790e-01 0.685 0.606 0.319 1.313 0.04358 0.03958 0.33825 0.22136 -843.13360 -877.75316 24755.81811 0.60751 0.32998 0.67233 -0.02380 0.05380 0.02120 
5500.000 6.226880e+02 6.4357e-02 0.0210 5.1306e-02 8.0804e-02 2.2841e-02 4.9676e-01 0.686 0.608 0.318 1.342 0.06030 0.00904 0.33924 0.22336 -986.27944 -814.99913 24915.38646 0.61419 0.31871 0.67915 -0.00746 0.00475 0.02183 
5600.000 6.229380e+02 6.4318e-02 0.0048 5.2681e-02 9.3727e-02 -1.1135e-02 4.9714e-01 0.686 0.608 0.319 1.325 0.06606 -0.02507 0.33874 0.24377 -1164.20834 -609.77684 24923.82860 0.61090 0.32480 0.67698 0.00908 -0.04486 0.01792 
5700.000 6.171292e+02 6.5228e-02 0.0217 5.0937e-02 8.0895e-02 -6.1205e-02 4.9586e-01 0.687 0.609 0.318 1.317 0.05284 -0.05424 0.33851 0.24596 -1194.35260 -415.40001 24804.04184 0.60523 0.33747 0.67170 0.03295 -0.07311 0.01190 
5800.000 6.094683e+02 6.6462e-02 0.0440 4.9374e-02 4.2522e-02 -1.1744e-01 4.9093e-01 0.687 0.609 0.318 1.313 0.02250 -0.07646 0.33797 0.23858 -1180.25831 -297.80262 24633.45278 0.59707 0.34816 0.66920 0.05802 -0.07748 0.00799 
5900.000 6.110822e+02 6.6199e-02 0.0237 5.0588e-02 -1.0592e-02 -1.5215e-01 4.8219e-01 0.687 0.608 0.318 1.325 -0.01385 -0.08822 0.33426 0.24958 -1232.26789 -207.67211 24681.51379 0.58470 0.35679 0.67176 0.07983 -0.06863 0.00931 
6000.000 6.149990e+02 6.5567e-02 0.0138 5.2502e-02 -6.7789e-02 -1.4385e-01 4.7794e-01 0.685 0.607 0.319 1.313 -0.04747 -0.08533 0.33005 0.26472 -1300.84741 -33.45811 24762.66408 0.56787 0.36751 0.67588 0.09860 -0.05393 0.01090 
6100.000 6.222020e+02 6.4432e-02 0.0483 5.1582e-02 -1.2168e-01 -9.3169e-02 4.7843e-01 0.685 0.606 0.319 1.325 -0.07630 -0.06476 0.32819 0.26635 -1262.92965 234.84942 24881.77081 0.55193 0.37786 0.68037 0.11382 -0.03282 0.00305 
6200.000 6.242129e+02 6.4121e-02 0.0563 4.9494e-02 -1.6100e-01 -2.2930e-02 4.7587e-01 0.685 0.606 0.319 1.342 -0.10006 -0.02948 0.32674 0.26925 -1177.74124 368.69476 24914.03811 0.54067 0.38958 0.67934 0.12454 -0.00103 -0.02134 
6300.000 6.207224e+02 6.4663e-02 0.0628 4.9802e-02 -1.7008e-01 3.1357e-02 4.7284e-01 0.685 0.607 0.319 1.325 -0.11224 0.00836 0.32508 0.28634 -1146.12533 467.55502 24834.32669 0.53658 0.40814 0.66604 0.12815 0.03671 -0.05287 
6400.000 6.115333e+02 6.6126e-02 0.0415 5.2016e-02 -1.4285e-01 6.5971e-02 4.8033e-01 0.687 0.608 0.318 1.295 -0.10390 0.04377 0.32732 0.27998 -1129.86008 611.28374 24674.44822 0.52952 0.43433 0.64943 0.12479 0.06858 -0.07596 
6500.000 6.064572e+02 6.6958e-02 0.0387 5.2503e-02 -9.7783e-02 9.5330e-02 4.8835e-01 0.688 0.609 0.318 1.313 -0.07894 0.07585 0.32977 0.26838 -1021.04369 790.70194 24574.04433 0.50591 0.46764 0.64121 0.12126 0.08832 -0.08401 
6600.000 6.185334e+02 6.5006e-02 0.0516 5.0025e-02 -5.3678e-02 1.2931e-01 4.8651e-01 0.687 0.609 0.318 1.330 -0.04368 0.10033 0.32916 0.27379 -822.78081 930.32205 24806.19663 0.47282 0.49664 0.64522 0.12740 0.08828 -0.07148 
6700.000 6.263850e+02 6.3788e-02 0.0603 4.8634e-02 -1.8935e-02 1.5627e-01 4.7933e-01 0.686 0.608 0.319 1.306 -0.00752 0.10975 0.32734 0.28442 -723.25649 975.65761 24952.55598 0.44367 0.50992 0.65901 0.13716 0.06814 -0.04288 
6800.000 6.228608e+02 6.4330e-02 0.0285 5.0863e-02 1.9518e-02 1.5466e-01 4.7862e-01 0.685 0.607 0.319 1.342 0.02763 0.09794 0.32848 0.26804 -652.67871 1087.51876 24914.80363 0.42432 0.51130 0.67562 0.14083 0.03366 -0.00508 
6900.000 6.139525e+02 6.5735e-02 0.0193 5.2968e-02 7.1028e-02 1.2172e-01 4.8265e-01 0.684 0.605 0.319 1.325 0.05869 0.07231 0.33009 0.25412 -505.82339 1210.11260 24738.70419 0.40877 0.52049 0.68002 0.13234 -0.00091 0.02806 
7000.000 6.043028e+02 6.7316e-02 0.0377 5.1592e-02 1.2115e-01 6.7271e-02 4.8276e-01 0.685 0.607 0.319 1.315 0.07920 0.04147 0.33129 0.25476 -270.63822 1237.54599 24532.39716 0.39518 0.53803 0.67691 0.12103 -0.01943 0.04803 
7100.000 6.128625e+02 6.5911e-02 0.0255 4.8843e-02 1.4443e-01 7.3218e-03 4.8343e-01 0.685 0.607 0.319 1.313 0.08352 0.00938 0.33429 0.24963 -100.68976 1204.08944 24718.48111 0.37927 0.55727 0.67454 0.10645 -0.02083 0.05784 
7200.000 6.200876e+02 6.4762e-02 0.0156 4.8779e-02 1.2135e-01 -4.5504e-02 4.8894e-01 0.687 0.608 0.318 1.325 0.07004 -0.02295 0.33821 0.23485 -15.31616 1213.94669 24868.93691 0.36299 0.57553 0.67496 0.09075 -0.01589 0.06161 
7300.000 6.223067e+02 6.4416e-02 0.0106 5.2165e-02 6.1799e-02 -8.3628e-02 4.9539e-01 0.687 0.609 0.318 1.313 0.04386 -0.05185 0.34023 0.23559 156.22240 1291.23459 24910.75690 0.34816 0.58884 0.67724 0.07239 -0.01430 0.05732 
7400.000 6.197181e+02 6.4820e-02 0.0254 5.3130e-02 -2.6970e-03 -9.4282e-02 4.9748e-01 0.687 0.609 0.318 1.325 0.01391 -0.06490 0.34045 0.24063 368.21441 1269.25137 24850.99775 0.33323 0.59983 0.68145 0.05310 -0.01649 0.03983 
7500.000 6.151106e+02 6.5550e-02 0.0507 5.0162e-02 -4.7752e-02 -7.7227e-02 4.9752e-01 0.687 0.608 0.319 1.325 -0.01719 -0.05767 0.34076 0.22444 541.96419 1117.47835 24738.32799 0.32323 0.60763 0.68232 0.03635 -0.01811 0.00211 
7600.000 6.107613e+02 6.6251e-02 0.0298 4.8512e-02 -6.7495e-02 -4.6803e-02 4.9603e-01 0.686 0.607 0.319 1.325 -0.04534 -0.03743 0.33889 0.21811 615.57430 1027.62932 24673.55691 0.32550 0.61008 0.67564 0.02121 -0.01501 -0.04512 
7700.000 6.099653e+02 6.6381e-02 0.0135 4.9991e-02 -7.3184e-02 -1.0792e-02 4.9685e-01 0.684 0.605 0.319 1.313 -0.06426 -0.01065 0.33638 0.22952 724.33885 999.06319 24664.38160 0.33765 0.60631 0.66513 -0.00020 -0.00830 -0.07961 
7800.000 6.206279e+02 6.4678e-02 0.0509 5.2873e-02 -7.7651e-02 2.8261e-02 4.9586e-01 0.685 0.606 0.319 1.340 -0.06907 0.02001 0.33534 0.24165 941.13262 918.22335 24845.36978 0.34247 0.60410 0.66304 -0.02853 0.00146 -0.08403 
7900.000 6.265758e+02 6.3759e-02 0.0632 5.2161e-02 -7.6343e-02 7.0329e-02 4.9278e-01 0.685 0.607 0.319 1.342 -0.05490 0.05303 0.33590 0.23859 1062.78536 752.93014 24947.42509 0.33479 0.60508 0.67163 -0.05082 0.01339 -0.05229 
8000.000 6.237814e+02 6.4188e-02 0.0628 4.8808e-02 -6.0502e-02 1.1213e-01 4.8967e-01 0.687 0.608 0.318 1.306 -0.02843 0.08341 0.33499 0.25456 1080.87211 557.35923 24896.67624 0.33222 0.60312 0.67818 -0.06252 0.02450 -0.00269 
8100.000 6.122186e+02 6.6015e-02 0.0416 4.9016e-02 -1.9972e-02 1.3686e-01 4.8789e-01 0.688 0.610 0.318 1.324 0.00315 0.09676 0.33385 0.26532 1115.22697 472.69717 24691.95079 0.34327 0.59427 0.67790 -0.07194 0.02868 0.04069 
8200.000 6.033839e+02 6.7470e-02 0.0375 5.1541e-02 4.9448e-02 1.3885e-01 4.8376e-01 0.687 0.609 0.318 1.325 0.03868 0.09089 0.33242 0.25971 1218.11708 339.68220 24514.03286 0.36226 0.58059 0.67171 -0.08461 0.02988 0.06720 
8300.000 6.164171e+02 6.5341e-02 0.0443 5.2882e-02 1.2372e-01 1.1545e-01 4.7523e-01 0.686 0.607 0.319 1.303 0.07444 0.07026 0.32926 0.26202 1306.27471 111.70353 24768.68908 0.38167 0.56679 0.66336 -0.09581 0.03511 0.08055 
8400.000 6.257951e+02 6.3878e-02 0.0552 5.0694e-02 1.7185e-01 7.0973e-02 4.6759e-01 0.685 0.606 0.319 1.328 0.10215 0.04240 0.32496 0.28314 1263.89270 -67.14773 24945.74953 0.40328 0.55026 0.65624 -0.10602 0.04612 0.08634 
8500.000 6.231783e+02 6.4281e-02 0.0236 4.8428e-02 1.7246e-01 7.3616e-03 4.7141e-01 0.685 0.607 0.319 1.342 0.11172 0.00778 0.32420 0.28555 1194.32917 -182.07433 24927.32234 0.42155 0.53307 0.65597 -0.11704 0.05101 0.08460 
8600.000 6.153762e+02 6.5507e-02 0.0133 5.0148e-02 1.4074e-01 -6.3352e-02 4.7921e-01 0.685 0.606 0.319 1.306 0.10391 -0.03260 0.32594 0.27243 1208.31560 -293.21442 24773.42233 0.43445 0.51157 0.66394 -0.12939 0.03761 0.07213 
8700.000 6.063642e+02 6.6973e-02 0.0326 5.2682e-02 1.0355e-01 -1.1650e-01 4.7995e-01 0.686 0.608 0.318 1.324 0.08504 -0.07023 0.32699 0.27494 1184.79313 -525.18655 24577.26749 0.44166 0.49821 0.67257 -0.14428 0.00573 0.04687 
8800.000 6.121057e+02 6.6033e-02 0.0243 5.2163e-02 7.3841e-02 -1.3704e-01 4.8139e-01 0.687 0.608 0.318 1.294 0.05748 -0.09502 0.32835 0.27975 1072.22589 -716.51297 24699.83948 0.44675 0.49541 0.67134 -0.14998 -0.03335 0.00819 
8900.000 6.171093e+02 6.5231e-02 0.0128 4.9676e-02 4.1360e-02 -1.3450e-01 4.8622e-01 0.687 0.609 0.318 1.307 0.02238 -0.10321 0.33037 0.27170 942.80550 -795.25749 24809.02426 0.45664 0.49304 0.66459 -0.14291 -0.06372 -0.03234 
9000.000 6.210667e+02 6.4609e-02 0.0180 4.9327e-02 -7.6143e-03 -1.2225e-01 4.9093e-01 0.686 0.608 0.319 1.313 -0.01778 -0.09483 0.33235 0.25823 876.28871 -861.14005 24886.89180 0.48067 0.47525 0.65689 -0.13082 -0.07685 -0.06133 
9100.000 6.214312e+02 6.4552e-02 0.0310 5.1550e-02 -6.5623e-02 -1.1020e-01 4.8721e-01 0.686 0.608 0.318 1.325 -0.05248 -0.07568 0.33227 0.26062 808.83848 -997.07287 24883.46005 0.50639 0.44952 0.65673 -0.12800 -0.07091 -0.06846 
9200.000 6.194057e+02 6.4869e-02 0.0577 5.2399e-02 -1.0929e-01 -8.8118e-02 4.8282e-01 0.685 0.606 0.319 1.325 -0.07154 -0.04841 0.33235 0.25311 591.15371 -1159.30992 24812.37373 0.52027 0.42348 0.66668 -0.12835 -0.05204 -0.05383 
9300.000 6.113813e+02 6.6150e-02 0.0359 5.0799e-02 -1.2330e-01 -4.1843e-02 4.8518e-01 0.685 0.606 0.319 1.325 -0.07416 -0.01445 0.33418 0.23449 401.88478 -1188.60187 24678.31257 0.53000 0.40043 0.67903 -0.12639 -0.02736 -0.02905 
9400.000 6.060432e+02 6.7026e-02 0.0130 4.9473e-02 -1.0698e-01 2.6693e-02 4.9103e-01 0.685 0.606 0.319 1.313 -0.06517 0.02124 0.33691 0.23049 285.78037 -1183.29396 24585.75334 0.54166 0.38429 0.68455 -0.12041 -0.00388 -0.00817 
9500.000 6.192064e+02 6.4900e-02 0.0533 5.0819e-02 -6.6644e-02 8.9633e-02 4.9242e-01 0.687 0.608 0.318 1.325 -0.04643 0.04970 0.33895 0.24159 187.45122 -1248.24280 24816.44539 0.55587 0.37188 0.68523 -0.11195 0.01808 0.00132 
9600.000 6.277369e+02 6.3582e-02 0.0679 5.2367e-02 -1.3809e-02 1.1154e-01 4.9439e-01 0.687 0.609 0.318 1.313 -0.01682 0.06018 0.34143 0.23198 13.06392 -1308.35168 24962.54012 0.56983 0.36210 0.68233 -0.09966 0.03725 0.00438 
9700.000 6.249769e+02 6.4004e-02 0.0582 5.1249e-02 4.1978e-02 8.8772e-02 4.9651e-01 0.687 0.609 0.318 1.306 0.02152 0.05540 0.34193 0.22282 -263.26433 -1251.05865 24924.36370 0.58206 0.35482 0.67799 -0.08488 0.05532 0.00931 
9800.000 6.130947e+02 6.5873e-02 0.0393 4.9376e-02 7.8137e-02 4.3018e-02 4.9672e-01 0.686 0.608 0.318 1.342 0.05171 0.04028 0.33927 0.23352 -384.83348 -1158.91725 24711.49864 0.59133 0.34688 0.67504 -0.06668 0.06154 0.01686 
9900.000 6.023620e+02 6.7642e-02 0.0375 5.0071e-02 9.3590e-02 -5.1451e-03 4.9427e-01 0.685 0.606 0.319 1.325 0.06755 0.01387 0.33639 0.23414 -476.36387 -1131.31847 24495.08025 0.59983 0.33376 0.67674 -0.04991 0.04099 0.02258 
10000.000 6.148028e+02 6.5599e-02 0.0376 5.2331e-02 9.4078e-02 -4.0242e-02 4.9141e-01 0.684 0.606 0.319 1.315 0.07013 -0.01990 0.33484 0.23221 -637.10592 -1128.64042 24743.73168 0.60773 0.32513 0.67652 -0.04175 -0.00588 0.02294 
10100.000 6.244655e+02 6.4082e-02 0.0472 5.2745e-02 8.4726e-02 -6.7746e-02 4.9089e-01 0.685 0.606 0.319 1.325 0.06148 -0.05603 0.33321 0.24688 -823.57008 -1026.42618 24926.73059 0.60899 0.33353 0.66759 -0.03488 -0.06209 0.01532 
10200.000 6.230295e+02 6.4304e-02 0.0175 4.9997e-02 6.1575e-02 -9.7779e-02 4.9118e-01 0.686 0.607 0.319 1.332 0.04123 -0.08400 0.33180 0.26674 -947.48341 -811.08574 24925.55681 0.60747 0.34897 0.65527 -0.01880 -0.09919 0.00404 
10300.000 6.166545e+02 6.5304e-02 0.0100 4.8532e-02 1.7993e-02 -1.2864e-01 4.8843e-01 0.686 0.608 0.319 1.294 0.00754 -0.09665 0.33215 0.26214 -979.96072 -700.59533 24802.06739 0.60865 0.35189 0.65248 0.00586 -0.10542 -0.00543 
10400.000 6.087841e+02 6.6574e-02 0.0313 5.1114e-02 -4.1498e-02 -1.5219e-01 4.8088e-01 0.688 0.610 0.318 1.324 -0.03408 -0.09582 0.33181 0.26054 -1090.82000 -630.64816 24629.27034 0.61191 0.34236 0.66096 0.02371 -0.08887 -0.01056 
10500.000 6.117039e+02 6.6098e-02 0.0237 5.3394e-02 -1.0025e-01 -1.4628e-01 4.7422e-01 0.687 0.608 0.319 1.306 -0.07115 -0.08297 0.32871 0.27464 -1223.01356 -495.47578 24690.48922 0.60720 0.33472 0.67137 0.03760 -0.06377 -0.01009 
10600.000 6.147132e+02 6.5613e-02 0.0133 5.2586e-02 -1.4524e-01 -9.9177e-02 4.7216e-01 0.686 0.608 0.318 1.307 -0.09639 -0.05808 0.32597 0.28295 -1270.82009 -288.15776 24756.96865 0.60262 0.33044 0.67963 0.04855 -0.03866 -0.00857 
10700.000 6.202615e+02 6.4735e-02 0.0262 4.9023e-02 -1.6708e-01 -1.9008e-02 4.7400e-01 0.685 0.606 0.319 1.313 -0.10754 -0.02042 0.32556 0.27567 -1216.30176 -95.08776 24866.58094 0.59750 0.33101 0.68152 0.05710 -0.00967 -0.01398 
10800.000 6.226258e+02 6.4366e-02 0.0382 4.8668e-02 -1.6281e-01 5.8770e-02 4.7185e-01 0.685 0.606 0.319 1.315 -0.10700 0.02310 0.32486 0.27763 -1213.02141 -0.30289 24904.78976 0.59837 0.33605 0.67526 0.06194 0.02848 -0.02802 
10900.000 6.218909e+02 6.4481e-02 0.0636 5.2072e-02 -1.3525e-01 1.0189e-01 4.7337e-01 0.685 0.606 0.319 1.313 -0.09444 0.05905 0.32473 0.28362 -1282.60268 181.20222 24853.55585 0.59872 0.35186 0.65940 0.06425 0.06737 -0.04228 
11000.000 6.120658e+02 6.6039e-02 0.0406 5.3341e-02 -8.7009e-02 1.1195e-01 4.8395e-01 0.686 0.609 0.318 1.332 -0.06682 0.08201 0.32860 0.26885 -1261.59515 381.22917 24684.43087 0.59314 0.37168 0.64828 0.06915 0.09592 -0.04742 
11100.000 6.040678e+02 6.7355e-02 0.0147 5.1492e-02 -3.2692e-02 1.1524e-01 4.9248e-01 0.687 0.608 0.319 1.306 -0.02874 0.09435 0.33280 0.25639 -1144.89370 537.69813 24542.58615 0.57627 0.38962 0.64833 0.08399 0.10600 -0.03975 
11200.000 6.182627e+02 6.5049e-02 0.0545 4.8608e-02 1.6521e-02 1.2228e-01 4.9061e-01 0.688 0.610 0.318 1.307 0.01183 0.09450 0.33367 0.26167 -1028.88151 629.84140 24798.60307 0.56514 0.39207 0.65806 0.10510 0.09136 -0.02110 
11300.000 6.278727e+02 6.3561e-02 0.0698 4.9654e-02 5.1300e-02 1.2398e-01 4.8645e-01 0.686 0.607 0.319 1.313 0.04316 0.08024 0.33307 0.26441 -997.34409 737.93954 24965.53085 0.55712 0.38444 0.67074 0.11681 0.05464 0.00020 
11400.000 6.248599e+02 6.4022e-02 0.0504 5.2811e-02 7.7672e-02 9.3615e-02 4.8812e-01 0.685 0.607 0.319 1.340 0.06163 0.04865 0.33444 0.24070 -899.52336 963.09027 24930.67744 0.54869 0.38106 0.68117 0.11974 0.00753 0.01599 
11500.000 6.138422e+02 6.5753e-02 0.0343 5.2463e-02 9.9596e-02 3.4149e-02 4.9084e-01 0.684 0.606 0.319 1.313 0.06925 0.01168 0.33519 0.23305 -724.59266 1077.46906 24727.18558 0.53657 0.39260 0.68004 0.12182 -0.02823 0.02374 
11600.000 6.027691e+02 6.7573e-02 0.0378 5.0000e-02 1.0549e-01 -3.3285e-02 4.8981e-01 0.685 0.607 0.319 1.325 0.06415 -0.02021 0.33641 0.23518 -561.23650 1090.20068 24503.19273 0.52557 0.40647 0.67834 0.12737 -0.04107 0.02643 
11700.000 6.136018e+02 6.5792e-02 0.0322 4.9005e-02 8.0948e-02 -8.3354e-02 4.9159e-01 0.686 0.607 0.319 1.325 0.04468 -0.04316 0.33948 0.22676 -463.69120 1120.65030 24728.41699 0.51266 0.41981 0.67927 0.13296 -0.03850 0.02902 
11800.000 6.227756e+02 6.4343e-02 0.0376 5.1142e-02 2.2966e-02 -1.0087e-01 4.9501e-01 0.687 0.609 0.318 1.325 0.01210 -0.05741 0.34147 0.22120 -352.83536 1225.01453 24905.19007 0.49981 0.43279 0.68148 0.13873 -0.03423 0.02952 
11900.000 6.228466e+02 6.4332e-02 0.0103 5.2866e-02 -4.6041e-02 -8.7430e-02 4.9622e-01 0.687 0.609 0.318 1.313 -0.02368 -0.06090 0.34045 0.23838 -100.26097 1314.87816 24920.72878 0.48627 0.44485 0.68267 0.14172 -0.03120 0.02237 
12000.000 6.179122e+02 6.5104e-02 0.0126 5.1201e-02 -9.3791e-02 -4.9918e-02 4.9441e-01 0.687 0.608 0.318 1.340 -0.05150 -0.04664 0.33895 0.24181 93.78594 1268.61593 24823.31084 0.47388 0.45589 0.68356 0.14560 -0.02068 0.00044 
12100.000 6.109308e+02 6.6224e-02 0.0352 4.9172e-02 -1.0999e-01 -6.8760e-03 4.9149e-01 0.686 0.608 0.319 1.330 -0.06969 -0.01603 0.33700 0.23231 200.45841 1197.48225 24671.86946 0.47050 0.46360 0.67804 0.14602 0.00655 -0.03446 
12200.000 6.111419e+02 6.6189e-02 0.0237 5.0229e-02 -1.0202e-01 2.9109e-02 4.9054e-01 0.685 0.606 0.319 1.325 -0.07695 0.01963 0.33352 0.23867 298.88552 1204.32232 24683.19966 0.47097 0.47529 0.66356 0.13721 0.04035 -0.06705 
12300.000 6.130695e+02 6.5877e-02 0.0135 5.2313e-02 -8.4672e-02 6.2518e-02 4.9140e-01 0.685 0.606 0.319 1.332 -0.07130 0.05281 0.33111 0.25355 481.76331 1201.59392 24724.13381 0.46348 0.49491 0.65139 0.12601 0.06622 -0.08127 
12400.000 6.203592e+02 6.4720e-02 0.0351 5.1926e-02 -6.4422e-02 1.0147e-01 4.8857e-01 0.685 0.607 0.319 1.325 -0.05064 0.07944 0.33077 0.26090 719.53443 1073.01936 24858.09491 0.44290 0.51535 0.65267 0.12500 0.07204 -0.07121 
12500.000 6.238967e+02 6.4170e-02 0.0466 4.9713e-02 -3.2166e-02 1.4079e-01 4.8393e-01 0.686 0.608 0.318 1.295 -0.01467 0.09760 0.33137 0.26000 815.41434 934.02130 24919.99478 0.42590 0.52192 0.66493 0.13406 0.05875 -0.04101 
12600.000 6.228553e+02 6.4331e-02 0.0670 4.9372e-02 1.5448e-02 1.6685e-01 4.7833e-01 0.687 0.609 0.318 1.321 0.02592 0.10550 0.32961 0.27777 882.46216 855.27345 24870.60416 0.41680 0.52022 0.67727 0.13907 0.03461 -0.00778 
12700.000 6.120422e+02 6.6043e-02 0.0429 5.1514e-02 7.5391e-02 1.5344e-01 4.7611e-01 0.687 0.609 0.318 1.330 0.05993 0.09518 0.32793 0.28235 997.96782 789.83014 24683.97346 0.41158 0.52038 0.68279 0.13736 0.01046 0.01643 
12800.000 6.039339e+02 6.7378e-02 0.0227 5.2466e-02 1.3734e-01 1.0068e-01 4.7390e-01 0.686 0.607 0.319 1.306 0.08714 0.06666 0.32637 0.27251 1127.81723 622.96341 24534.96539 0.40840 0.52350 0.67961 0.13133 -0.00862 0.03760 
12900.000 6.181692e+02 6.5064e-02 0.0541 5.0490e-02 1.7734e-01 2.9050e-02 4.6887e-01 0.685 0.606 0.319 1.332 0.10621 0.02725 0.32457 0.27541 1192.63511 384.13610 24794.92875 0.41083 0.52951 0.66966 0.12558 -0.02219 0.06336 
13000.000 6.275087e+02 6.3617e-02 0.0679 4.8766e-02 1.7632e-01 -3.0201e-02 4.6905e-01 0.684 0.605 0.319 1.325 0.11208 -0.01120 0.32353 0.28911 1189.42285 263.68500 24962.62143 0.41591 0.53945 0.65377 0.11629 -0.03287 0.09010 
13100.000 6.238792e+02 6.4173e-02 0.0406 5.0373e-02 1.3308e-01 -7.0059e-02 4.8012e-01 0.686 0.607 0.318 1.307 0.09702 -0.04467 0.32705 0.27423 1246.44381 159.68574 24925.32499 0.41435 0.55047 0.64650 0.10682 -0.04233 0.10281 
13200.000 6.139275e+02 6.5739e-02 0.0275 5.2675e-02 7.5795e-02 -9.8640e-02 4.9020e-01 0.686 0.608 0.319 1.313 0.06747 -0.07308 0.33130 0.25840 1304.03085 -10.50293 24733.87525 0.39806 0.56369 0.65090 0.09653 -0.05057 0.09552 
13300.000 6.037324e+02 6.7411e-02 0.0385 5.1952e-02 3.4648e-02 -1.2009e-01 4.9051e-01 0.688 0.610 0.318 1.332 0.03340 -0.09085 0.33338 0.25941 1251.58416 -243.13061 24519.65208 0.37598 0.57703 0.66259 0.09770 -0.05085 0.06545 
13400.000 6.132482e+02 6.5848e-02 0.0285 4.9310e-02 7.7352e-03 -1.3046e-01 4.8812e-01 0.687 0.609 0.319 1.294 -0.00045 -0.09286 0.33354 0.25952 1151.06417 -404.65594 24723.68555 0.36286 0.57797 0.67300 0.10276 -0.03740 0.02079 
13500.000 6.213676e+02 6.4562e-02 0.0271 4.8637e-02 -2.2288e-02 -1.1914e-01 4.8910e-01 0.686 0.608 0.319 1.332 -0.03151 -0.07678 0.33433 0.24704 1110.78602 -483.53730 24888.66854 0.36107 0.57172 0.67933 0.10273 -0.01303 -0.02295 
13600.000 6.224988e+02 6.4386e-02 0.0024 5.1712e-02 -6.8492e-02 -8.0148e-02 4.9161e-01 0.685 0.606 0.319 1.325 -0.05729 -0.04658 0.33518 0.24002 1115.48753 -647.18730 24916.51416 0.36105 0.57226 0.67650 0.09164 0.01131 -0.05130 
13700.000 6.186527e+02 6.4988e-02 0.0186 5.3213e-02 -1.0848e-01 -2.6271e-02 4.8916e-01 0.685 0.606 0.319 1.315 -0.06904 -0.01377 0.33542 0.24425 1026.67537 -833.94934 24833.23983 0.35615 0.57973 0.67403 0.08193 0.02116 -0.05777 
13800.000 6.125040e+02 6.5969e-02 0.0422 5.0741e-02 -1.1396e-01 2.8460e-02 4.8934e-01 0.685 0.606 0.319 1.313 -0.06139 0.01656 0.33737 0.22989 813.52022 -954.47946 24694.91588 0.34703 0.58540 0.67710 0.07246 0.01666 -0.04884 
13900.000 6.108213e+02 6.6241e-02 0.0250 4.8562e-02 -7.4837e-02 7.1899e-02 4.9388e-01 0.687 0.608 0.318 1.325 -0.03908 0.04234 0.34051 0.21582 681.13301 -987.16700 24677.98202 0.33783 0.59290 0.68245 0.06477 0.00924 -0.03737 
14000.000 6.122933e+02 6.6003e-02 0.0126 4.9370e-02 -9.4968e-03 9.5375e-02 4.9686e-01 0.687 0.609 0.318 1.294 -0.01040 0.06053 0.34136 0.22494 613.84581 -1055.52080 24712.46068 0.33178 0.59748 0.68496 0.05634 0.00822 -0.02541 
14100.000 6.210797e+02 6.4607e-02 0.0446 5.2583e-02 5.3340e-02 9.2667e-02 4.9473e-01 0.688 0.609 0.318 1.325 0.01982 0.06458 0.34018 0.23938 478.65406 -1217.83993 24862.23043 0.32653 0.60262 0.68576 0.04899 0.01237 -0.00433 
14200.000 6.250188e+02 6.3997e-02 0.0551 5.2635e-02 9.1935e-02 6.2583e-02 4.9252e-01 0.686 0.608 0.319 1.325 0.04962 0.04842 0.33836 0.23428 278.18328 -1283.49759 24927.79210 0.32821 0.60530 0.67898 0.04359 0.01326 0.03395 
14300.000 6.224982e+02 6.4386e-02 0.0658 4.9253e-02 1.0687e-01 2.0328e-02 4.9016e-01 0.685 0.607 0.319 1.325 0.07590 0.01884 0.33436 0.24387 63.72329 -1224.03659 24865.72799 0.34114 0.60504 0.66473 0.03759 0.00514 0.07891 
14400.000 6.115642e+02 6.6121e-02 0.0426 4.8612e-02 1.0279e-01 -2.1769e-02 4.9068e-01 0.684 0.605 0.319 1.313 0.08614 -0.01404 0.33078 0.25588 -31.43417 -1200.17915 24678.16231 0.35299 0.60333 0.65236 0.02141 -0.00633 0.10256 
14500.000 6.052184e+02 6.7163e-02 0.0354 5.0778e-02 9.4888e-02 -6.4846e-02 4.8930e-01 0.685 0.607 0.319 1.325 0.07818 -0.04802 0.33084 0.25411 -166.07054 -1236.78279 24554.10796 0.34511 0.60989 0.65561 0.00488 -0.01826 0.09350 
14600.000 6.186047e+02 6.4995e-02 0.0520 5.3065e-02 8.3772e-02 -1.0798e-01 4.8580e-01 0.686 0.608 0.318 1.325 0.05482 -0.07922 0.33190 0.25373 -406.16716 -1253.24145 24803.21019 0.32753 0.61757 0.66783 -0.00109 -0.02562 0.05611 
14700.000 6.268437e+02 6.3718e-02 0.0617 5.1507e-02 5.8466e-02 -1.4789e-01 4.8086e-01 0.687 0.609 0.318 1.325 0.02352 -0.10383 0.33018 0.27395 -574.96088 -1150.93097 24956.07059 0.31847 0.61867 0.67744 0.00080 -0.02574 0.01045 
14800.000 6.227696e+02 6.4344e-02 0.0300 4.8464e-02 5.1259e-03 -1.6599e-01 4.7803e-01 0.687 0.609 0.318 1.325 -0.01085 -0.11083 0.32818 0.28519 -666.90936 -1007.70926 24914.82565 0.32035 0.61331 0.68025 -0.00098 -0.01889 -0.02648 
14900.000 6.134208e+02 6.5821e-02 0.0203 4.9384e-02 -7.2827e-02 -1.5109e-01 4.7522e-01 0.687 0.608 0.318 1.325 -0.04826 -0.09783 0.32743 0.27340 -750.35672 -964.96392 24732.06028 0.32645 0.60993 0.67668 -0.00649 -0.01295 -0.05359 
15000.000 6.042153e+02 6.7331e-02 0.0391 5.2301e-02 -1.4419e-01 -1.1086e-01 4.6893e-01 0.685 0.606 0.319 1.313 -0.08299 -0.07240 0.32497 0.27450 -931.51163 -883.77093 24528.45646 0.33678 0.60690 0.66613 -0.01186 -0.01456 -0.07624 
15100.000 6.135916e+02 6.5793e-02 0.0258 5.2922e-02 -1.7436e-01 -5.6265e-02 4.6752e-01 0.684 0.606 0.319 1.340 -0.10514 -0.04055 0.32355 0.28362 -1095.33355 -718.35413 24727.89948 0.34945 0.60664 0.65341 -0.01928 -0.02093 -0.09687 
15200.000 6.209795e+02 6.4623e-02 0.0159 5.0421e-02 -1.5885e-01 2.1294e-03 4.7685e-01 0.685 0.607 0.319 1.342 -0.10932 -0.00449 0.32559 0.27859 -1131.56112 -544.53144 24884.66403 0.36002 0.60419 0.64651 -0.02943 -0.02192 -0.10919 
15300.000 6.223638e+02 6.4407e-02 0.0103 4.8657e-02 -1.1868e-01 5.7933e-02 4.8698e-01 0.686 0.607 0.319 1.325 -0.09585 0.03453 0.32954 0.26473 -1134.41585 -430.36232 24916.37794 0.35947 0.59976 0.65276 -0.04529 -0.01147 -0.10383 
15400.000 6.185010e+02 6.5011e-02 0.0252 5.0538e-02 -8.4465e-02 9.7854e-02 4.8888e-01 0.687 0.609 0.318 1.325 -0.07222 0.06750 0.33187 0.26655 -1210.29465 -335.43902 24830.04326 0.34713 0.60224 0.66436 -0.06060 0.00706 -0.07562 
15500.000 6.126179e+02 6.5950e-02 0.0491 5.2652e-02 -6.2692e-02 1.1511e-01 4.8860e-01 0.688 0.609 0.318 1.325 -0.04257 0.08467 0.33382 0.26112 -1297.14147 -100.24427 24686.97220 0.33358 0.60703 0.67424 -0.06355 0.02212 -0.02936 
15600.000 6.110025e+02 6.6212e-02 0.0278 5.1827e-02 -3.4542e-02 1.1485e-01 4.9078e-01 0.687 0.608 0.318 1.313 -0.00880 0.08448 0.33512 0.24369 -1275.28047 110.06259 24675.73386 0.33346 0.60167 0.67790 -0.06102 0.02702 0.01981 
15700.000 6.131802e+02 6.5859e-02 0.0164 4.9585e-02 1.5625e-02 1.0315e-01 4.9221e-01 0.685 0.607 0.319 1.325 0.02560 0.07084 0.33525 0.23370 -1204.29768 235.94188 24728.73327 0.34487 0.59120 0.67474 -0.06541 0.02210 0.05478 
15800.000 6.222568e+02 6.4424e-02 0.0541 4.9652e-02 7.8348e-02 7.8710e-02 4.8905e-01 0.684 0.606 0.319 1.325 0.05426 0.04800 0.33467 0.24367 -1190.56628 332.92181 24877.82709 0.35476 0.58374 0.67111 -0.07516 0.01624 0.06622 
15900.000 6.251298e+02 6.3980e-02 0.0616 5.1604e-02 1.1525e-01 3.7734e-02 4.8742e-01 0.685 0.606 0.319 1.325 0.06493 0.01833 0.33607 0.24075 -1189.61781 491.69399 24921.94035 0.35813 0.57634 0.67539 -0.08636 0.01341 0.05521 
16000.000 6.203703e+02 6.4718e-02 0.0578 5.2140e-02 1.0506e-01 -2.3119e-02 4.9265e-01 0.686 0.607 0.319 1.325 0.05661 -0.01839 0.33939 0.22397 -1060.78388 744.38232 24831.83794 0.35978 0.56949 0.68218 -0.09643 0.00996 0.03366 
16100.000 6.112420e+02 6.6173e-02 0.0403 5.0440e-02 5.8885e-02 -7.8865e-02 4.9608e-01 0.687 0.609 0.318 1.325 0.03824 -0.04888 0.34124 0.22983 -913.60267 846.51349 24671.81954 0.36363 0.56451 0.68641 -0.10500 0.00368 0.01723 
16200.000 6.079482e+02 6.6711e-02 0.0476 4.9502e-02 -7.9891e-04 -1.0633e-01 4.9536e-01 0.688 0.609 0.318 1.313 0.01234 -0.06397 0.34108 0.23233 -823.25157 898.55503 24598.48318 0.36992 0.55852 0.68653 -0.11160 -0.00943 0.00156 
16300.000 6.189226e+02 6.4945e-02 0.0476 5.1103e-02 -5.1308e-02 -9.8206e-02 4.9282e-01 0.687 0.608 0.319 1.313 -0.01995 -0.06271 0.33930 0.22495 -765.42389 1012.61609 24817.53585 0.37842 0.55448 0.68026 -0.11485 -0.02872 -0.02398 
16400.000 6.255707e+02 6.3912e-02 0.0515 5.2581e-02 -8.4668e-02 -6.6861e-02 4.9079e-01 0.685 0.607 0.319 1.325 -0.05468 -0.05013 0.33552 0.23579 -627.23437 1153.23682 24943.70794 0.39348 0.55048 0.66713 -0.11289 -0.04663 -0.05890 
16500.000 6.218470e+02 6.4487e-02 0.0190 5.1311e-02 -1.0207e-01 -2.6289e-02 4.9102e-01 0.685 0.606 0.319 1.325 -0.08061 -0.02787 0.33199 0.25873 -364.81265 1225.59690 24899.54733 0.41486 0.53914 0.65592 -0.11317 -0.05142 -0.08399 
16600.000 6.130342e+02 6.5883e-02 0.0163 4.9200e-02 -1.1118e-01 1.7498e-02 4.8985e-01 0.685 0.606 0.319 1.325 -0.08998 0.00566 0.33087 0.25862 -216.57996 1198.10074 24726.28698 0.42725 0.52419 0.65804 -0.12454 -0.03545 -0.08228 
16700.000 6.041437e+02 6.7343e-02 0.0386 5.0037e-02 -1.1802e-01 6.0182e-02 4.8570e-01 0.686 0.608 0.318 1.325 -0.08417 0.04523 0.33109 0.25616 -126.19942 1221.95742 24530.29275 0.42265 0.52001 0.66930 -0.13842 -0.00495 -0.05344 
16800.000 6.138570e+02 6.5751e-02 0.0221 5.2476e-02 -1.1209e-01 1.0095e-01 4.8293e-01 0.687 0.608 0.318 1.313 -0.06616 0.08031 0.33030 0.26713 13.91254 1299.17124 24736.01624 0.41518 0.52203 0.67617 -0.14031 0.02461 -0.01132 
16900.000 6.215242e+02 6.4538e-02 0.0051 5.3018e-02 -7.7797e-02 1.3913e-01 4.8032e-01 0.687 0.609 0.318 1.313 -0.03909 0.10276 0.32874 0.27848 228.10560 1301.27281 24895.04582 0.41868 0.51911 0.67657 -0.13608 0.04154 0.02584 
17000.000 6.231338e+02 6.4288e-02 0.0235 5.0050e-02 -9.2355e-03 1.6431e-01 4.7754e-01 0.687 0.609 0.318 1.325 -0.00214 0.10879 0.32849 0.27395 436.83124 1169.58856 24924.51348 0.43011 0.51166 0.67191 -0.13288 0.04920 0.04956 
17100.000 6.179405e+02 6.5100e-02 0.0317 4.8446e-02 7.2386e-02 1.6515e-01 4.7069e-01 0.686 0.607 0.319 1.325 0.04039 0.10153 0.32671 0.27444 521.56743 1084.30898 24816.80626 0.44242 0.50556 0.66388 -0.13012 0.05832 0.06342 
17200.000 6.105861e+02 6.6280e-02 0.0528 5.0971e-02 1.2983e-01 1.3415e-01 4.6629e-01 0.685 0.606 0.319 1.325 0.07577 0.08367 0.32370 0.28558 656.88481 1071.92473 24643.53276 0.45720 0.49897 0.65377 -0.12687 0.07120 0.07169 
17300.000 6.111983e+02 6.6180e-02 0.0315 5.3197e-02 1.4774e-01 7.3468e-02 4.7359e-01 0.684 0.606 0.319 1.325 0.09610 0.05361 0.32429 0.27834 830.79961 1017.88673 24675.21861 0.47087 0.48927 0.64930 -0.12583 0.07654 0.07554 
17400.000 6.163561e+02 6.5351e-02 0.0298 5.2546e-02 1.3906e-01 2.7115e-03 4.8420e-01 0.685 0.607 0.319 1.313 0.10253 0.01425 0.32822 0.26335 974.78735 865.15855 24781.29251 0.48165 0.47312 0.65621 -0.13018 0.06416 0.07416 
17500.000 6.241944e+02 6.4124e-02 0.0621 4.8978e-02 1.2369e-01 -5.3996e-02 4.8714e-01 0.687 0.609 0.318 1.325 0.09708 -0.02745 0.33103 0.26595 1025.25369 662.75143 24905.78304 0.48685 0.45902 0.66775 -0.14255 0.03072 0.05987 
17600.000 6.239565e+02 6.4161e-02 0.0634 4.8699e-02 1.0882e-01 -8.1561e-02 4.8755e-01 0.687 0.609 0.318 1.313 0.07970 -0.05856 0.33279 0.27139 1069.45956 573.53777 24899.34993 0.48226 0.45865 0.67417 -0.15137 -0.00959 0.03050 
17700.000 6.159676e+02 6.5413e-02 0.0425 5.2233e-02 7.8781e-02 -8.9861e-02 4.9116e-01 0.687 0.609 0.318 1.325 0.04685 -0.07411 0.33506 0.25014 1214.93887 447.11937 24762.48044 0.47773 0.46098 0.67563 -0.14712 -0.04295 -0.00815 
17800.000 6.111060e+02 6.6195e-02 0.0375 5.3373e-02 3.0519e-02 -9.7802e-02 4.9306e-01 0.685 0.607 0.319 1.325 0.00857 -0.07701 0.33514 0.23779 1292.05174 259.59091 24668.04906 0.48620 0.45409 0.67074 -0.13642 -0.05768 -0.03977 
17900.000 6.122375e+02 6.6012e-02 0.0560 5.1483e-02 -2.8820e-02 -1.0295e-01 4.8971e-01 0.685 0.606 0.319 1.325 -0.02534 -0.06837 0.33447 0.23986 1269.27059 71.98931 24671.91258 0.49947 0.44145 0.66856 -0.13271 -0.05462 -0.05026 
18000.000 6.194399e+02 6.4864e-02 0.0413 4.8478e-02 -7.7747e-02 -8.9355e-02 4.8812e-01 0.685 0.606 0.319 1.313 -0.04751 -0.04801 0.33605 0.23318 1202.93006 -71.53396 24838.08547 0.50817 0.42689 0.67440 -0.13299 -0.04140 -0.04074 
18100.000 6.236615e+02 6.4206e-02 0.0385 4.9667e-02 -1.0155e-01 -3.9547e-02 4.9224e-01 0.685 0.607 0.319 1.325 -0.05822 -0.01485 0.33907 0.22204 1225.93833 -178.83651 24923.98342 0.51484 0.41425 0.68217 -0.13360 -0.02444 -0.02279 
18200.000 6.203986e+02 6.4713e-02 0.0084 5.2986e-02 -9.4483e-02 3.3015e-02 4.9496e-01 0.687 0.608 0.318 1.325 -0.05859 0.02193 0.34020 0.23480 1254.28628 -408.43257 24871.97712 0.52250 0.40494 0.68599 -0.13251 -0.00801 -0.00979 
18300.000 6.128656e+02 6.5910e-02 0.0189 5.2903e-02 -5.7193e-02 9.1935e-02 4.9438e-01 0.687 0.609 0.318 1.325 -0.04342 0.04950 0.34052 0.24106 1161.65598 -602.96255 24717.08763 0.53032 0.39796 0.68646 -0.12995 0.01110 -0.00232 
18400.000 6.045827e+02 6.7269e-02 0.0371 5.0344e-02 -4.2117e-03 1.1402e-01 4.9302e-01 0.687 0.608 0.318 1.325 -0.01300 0.06456 0.34013 0.23006 1018.63334 -700.94849 24540.22672 0.53796 0.39494 0.68103 -0.12528 0.03854 0.00721 
18500.000 6.141486e+02 6.5704e-02 0.0165 4.8778e-02 4.3697e-02 9.8854e-02 4.9158e-01 0.686 0.608 0.318 1.325 0.02359 0.06725 0.33707 0.22954 935.73457 -764.26652 24749.16865 0.54566 0.39638 0.67008 -0.11675 0.06748 0.02295 
18600.000 6.222623e+02 6.4423e-02 0.0090 5.0752e-02 7.8324e-02 6.6511e-02 4.9210e-01 0.685 0.606 0.319 1.313 0.05589 0.05862 0.33347 0.24469 894.76849 -894.79609 24912.06756 0.55552 0.39398 0.66029 -0.10347 0.08234 0.03913 
18700.000 6.245268e+02 6.4073e-02 0.0385 5.2766e-02 1.0377e-01 3.2422e-02 4.9038e-01 0.685 0.606 0.319 1.325 0.07896 0.03635 0.33150 0.25370 726.57315 -1098.52013 24937.27950 0.56932 0.37891 0.66150 -0.09612 0.06941 0.04689 
18800.000 6.172352e+02 6.5211e-02 0.0377 5.1644e-02 1.2582e-01 -1.0570e-03 4.8650e-01 0.685 0.607 0.319 1.325 0.09197 0.00042 0.33093 0.25424 529.96071 -1166.87142 24793.50782 0.57618 0.36442 0.66999 -0.10145 0.02790 0.03982 
18900.000 6.067114e+02 6.6916e-02 0.0495 4.9547e-02 1.3998e-01 -3.8297e-02 4.8355e-01 0.686 0.608 0.318 1.325 0.09409 -0.03987 0.33000 0.26996 387.00497 -1155.32504 24571.10420 0.57316 0.36473 0.67486 -0.10789 -0.02233 0.02011 
19000.000 6.114868e+02 6.6133e-02 0.0360 4.9820e-02 1.2862e-01 -8.5545e-02 4.8247e-01 0.688 0.609 0.318 1.325 0.08046 -0.07374 0.32950 0.27953 300.95850 -1193.28814 24681.61106 0.57016 0.37125 0.67337 -0.10362 -0.05938 -0.00360 
19100.000 6.210779e+02 6.4607e-02 0.0483 5.1770e-02 8.3166e-02 -1.3783e-01 4.7903e-01 0.687 0.609 0.318 1.325 0.05061 -0.09603 0.32899 0.27091 157.02721 -1278.48214 24858.98362 0.57289 0.37300 0.66827 -0.09365 -0.07690 -0.02076 
19200.000 6.265295e+02 6.3766e-02 0.0667 5.2071e-02 1.2086e-02 -1.7754e-01 4.7182e-01 0.686 0.607 0.319 1.313 0.00864 -0.10827 0.32712 0.26948 -126.86085 -1293.66200 24940.93724 0.57727 0.37312 0.66132 -0.08390 -0.08693 -0.02803 
19300.000 6.217254e+02 6.4506e-02 0.0588 5.0291e-02 -5.5286e-02 -1.8175e-01 4.6494e-01 0.685 0.606 0.319 1.340 -0.03146 -0.10929 0.32330 0.28802 -283.90458 -1218.64282 24859.88847 0.58271 0.37342 0.65386 -0.07397 -0.09787 -0.02729 
19400.000 6.101956e+02 6.6343e-02 0.0222 4.9437e-02 -1.0180e-01 -1.3618e-01 4.7163e-01 0.684 0.606 0.319 1.325 -0.06313 -0.09080 0.32388 0.28209 -375.72505 -1161.12038 24665.86390 0.58850 0.36859 0.65235 -0.06443 -0.10001 -0.02544 
19500.000 6.109903e+02 6.6214e-02 0.0355 5.1235e-02 -1.2915e-01 -6.4824e-02 4.8217e-01 0.685 0.607 0.319 1.325 -0.08711 -0.05737 0.32770 0.26673 -502.46652 -1161.03526 24670.26442 0.59512 0.35564 0.66029 -0.05675 -0.08637 -0.02889 
19600.000 6.169986e+02 6.5249e-02 0.0582 5.2554e-02 -1.3911e-01 -4.6337e-03 4.8614e-01 0.687 0.608 0.318 1.325 -0.10039 -0.01909 0.33066 0.26670 -692.01283 -1103.57082 24763.07915 0.60483 0.33863 0.66997 -0.05466 -0.05168 -0.03395 
19700.000 6.207576e+02 6.4657e-02 0.0338 5.1202e-02 -1.3500e-01 2.7416e-02 4.8662e-01 0.687 0.609 0.318 1.325 -0.09869 0.01572 0.33211 0.26626 -884.25524 -917.73134 24868.11372 0.60970 0.33064 0.67425 -0.06021 -0.00303 -0.03027 
19800.000 6.217793e+02 6.4498e-02 0.0231 4.9070e-02 -1.1375e-01 4.6680e-02 4.9027e-01 0.687 0.609 0.318 1.313 -0.07929 0.04469 0.33402 0.25290 -936.45632 -786.27504 24898.82926 0.60361 0.33670 0.67340 -0.06239 0.04462 -0.01575 
19900.000 6.178921e+02 6.5108e-02 0.0095 4.9870e-02 -7.4316e-02 7.4602e-02 4.9327e-01 0.686 0.607 0.319 1.313 -0.04621 0.06710 0.33493 0.24453 -1007.91703 -720.69479 24825.41961 0.59857 0.34510 0.66813 -0.05126 0.07611 0.00426 
20000.000 6.122125e+02 6.6016e-02 0.0235 5.2411e-02 -2.4582e-02 1.0601e-01 4.9025e-01 0.685 0.607 0.319 1.325 -0.01065 0.07612 0.33441 0.24935 -1135.40171 -624.58202 24702.12028 0.60173 0.34300 0.66581 -0.03733 0.07923 0.01652 
20100.000 6.062896e+02 6.6985e-02 0.0332 5.2675e-02 2.6191e-02 1.1664e-01 4.8730e-01 0.684 0.606 0.319 1.325 0.02047 0.06729 0.33512 0.24145 -1226.04032 -419.13228 24575.21548 0.60414 0.33273 0.67247 -0.02810 0.05996 0.01626 
20200.000 6.154691e+02 6.5492e-02 0.0122 4.9976e-02 6.7658e-02 8.7131e-02 4.9119e-01 0.685 0.606 0.319 1.325 0.04343 0.04257 0.33820 0.22046 -1224.63120 -189.63022 24775.83830 0.60532 0.32355 0.68162 -0.02113 0.03219 0.00879 
20300.000 6.231190e+02 6.4290e-02 0.0216 4.8372e-02 9.3647e-02 2.3352e-02 4.9500e-01 0.686 0.608 0.318 1.325 0.05846 0.01100 0.34011 0.22128 -1203.85745 -83.09377 24927.36387 0.60745 0.31931 0.68589 -0.01420 0.00985 0.00386 
20400.000 6.254251e+02 6.3935e-02 0.0533 5.0774e-02 9.4265e-02 -4.5831e-02 4.9493e-01 0.687 0.609 0.318 1.313 0.06083 -0.01939 0.34064 0.23453 -1266.80726 39.77375 24940.78508 0.60908 0.31857 0.68630 -0.00689 -0.00837 0.00627 
20500.000 6.156071e+02 6.5470e-02 0.0420 5.2993e-02 6.2573e-02 -9.3203e-02 4.9402e-01 0.687 0.609 0.318 1.313 0.04408 -0.04636 0.34099 0.23013 -1293.87081 223.64136 24754.79376 0.61075 0.32127 0.68245 0.00012 -0.03326 0.01189 
20600.000 6.022787e+02 6.7656e-02 0.0348 5.1728e-02 1.2444e-02 -1.0905e-01 4.9209e-01 0.687 0.608 0.318 1.325 0.01342 -0.06858 0.33827 0.23474 -1189.67975 439.11414 24493.71411 0.61005 0.33105 0.67242 0.00688 -0.06617 0.01338 
20700.000 6.130631e+02 6.5878e-02 0.0421 4.9025e-02 -3.8719e-02 -9.6592e-02 4.9123e-01 0.685 0.606 0.319 1.325 -0.02152 -0.07681 0.33355 0.24972 -1071.18924 567.64004 24708.42608 0.60508 0.34278 0.66239 0.01841 -0.08752 0.00750 
20800.000 6.255741e+02 6.3912e-02 0.0641 4.8694e-02 -7.9279e-02 -7.2841e-02 4.9036e-01 0.685 0.606 0.319 1.325 -0.05310 -0.06672 0.33164 0.25098 -1027.34465 648.53947 24930.46892 0.60437 0.34147 0.66356 0.03375 -0.07988 -0.00557 
20900.000 6.274650e+02 6.3623e-02 0.0651 5.2050e-02 -1.1101e-01 -4.7887e-02 4.8762e-01 0.685 0.607 0.319 1.325 -0.07995 -0.03930 0.33167 0.24609 -993.60454 839.01851 24962.35225 0.61093 0.32805 0.67157 0.04027 -0.03921 -0.02093 
21000.000 6.183817e+02 6.5030e-02 0.0482 5.3031e-02 -1.3703e-01 -2.3304e-02 4.8547e-01 0.686 0.608 0.318 1.313 -0.09946 -0.00547 0.33094 0.26314 -862.35410 994.87438 24803.43758 0.61507 0.32355 0.67404 0.03531 0.01424 -0.02957 
21100.000 6.050409e+02 6.7193e-02 0.0147 5.0414e-02 -1.4739e-01 1.7359e-02 4.8441e-01 0.688 0.609 0.318 1.313 -0.10278 0.02927 0.33027 0.27803 -643.15531 1059.45640 24563.68991 0.61097 0.33259 0.67135 0.03281 0.05849 -0.02746 
21200.000 6.115166e+02 6.6128e-02 0.0338 4.8467e-02 -1.3268e-01 8.1697e-02 4.8096e-01 0.687 0.609 0.318 1.313 -0.08682 0.06314 0.32947 0.27326 -518.37131 1079.35450 24685.70125 0.60413 0.34497 0.66521 0.03875 0.08336 -0.02044 
21300.000 6.205202e+02 6.4694e-02 0.0529 4.9701e-02 -9.0920e-02 1.4983e-01 4.7238e-01 0.686 0.608 0.319 1.325 -0.05585 0.09314 0.32703 0.27181 -442.29259 1153.95704 24844.68639 0.59919 0.35381 0.65916 0.04624 0.09386 -0.01757 
21400.000 6.221153e+02 6.4446e-02 0.0243 5.2951e-02 -3.3823e-02 1.8723e-01 4.6550e-01 0.685 0.606 0.319 1.325 -0.02027 0.11167 0.32383 0.28415 -263.86781 1293.05696 24899.93562 0.59415 0.36138 0.65447 0.05382 0.09844 -0.02203 
21500.000 6.200602e+02 6.4766e-02 0.0083 5.2573e-02 2.8157e-02 1.7325e-01 4.7013e-01 0.685 0.606 0.319 1.325 0.01566 0.11108 0.32382 0.28188 -47.81077 1307.61154 24865.75679 0.58978 0.36569 0.65427 0.06275 0.09776 -0.02513 
21600.000 6.146521e+02 6.5623e-02 0.0221 4.9196e-02 8.7305e-02 1.2197e-01 4.7999e-01 0.685 0.606 0.319 1.313 0.05229 0.09227 0.32663 0.26950 129.85018 1211.94658 24756.16027 0.58528 0.36342 0.66144 0.07342 0.08652 -0.01617 
21700.000 6.112885e+02 6.6165e-02 0.0255 4.8530e-02 1.2676e-01 6.8625e-02 4.8377e-01 0.686 0.608 0.319 1.313 0.08246 0.06360 0.32905 0.27234 214.86237 1179.59294 24687.14529 0.58708 0.35464 0.67060 0.08461 0.05899 0.00462 
21800.000 6.094239e+02 6.6469e-02 0.0240 5.0790e-02 1.3773e-01 3.2943e-02 4.8556e-01 0.687 0.609 0.318 1.313 0.09730 0.03047 0.33143 0.27339 353.43474 1202.05298 24647.60222 0.59466 0.34569 0.67425 0.08708 0.01459 0.02580 
21900.000 6.180333e+02 6.5085e-02 0.0199 5.3006e-02 1.2528e-01 7.1069e-03 4.8983e-01 0.687 0.609 0.318 1.325 0.09322 -0.00363 0.33379 0.25469 600.56103 1171.93531 24820.45999 0.59482 0.34728 0.67245 0.08089 -0.03313 0.03702 
22000.000 6.239413e+02 6.4163e-02 0.0346 5.1530e-02 1.0183e-01 -2.9050e-02 4.9374e-01 0.686 0.608 0.319 1.325 0.07439 -0.03627 0.33523 0.23835 757.64732 1038.88821 24930.70540 0.58326 0.36152 0.66766 0.08043 -0.06879 0.03510 
22100.000 6.247394e+02 6.4040e-02 0.0640 4.8649e-02 7.3729e-02 -7.8876e-02 4.9089e-01 0.685 0.607 0.319 1.325 0.04784 -0.06226 0.33453 0.24351 821.49174 892.49908 24914.12376 0.57300 0.37342 0.66471 0.08951 -0.08027 0.02577 
22200.000 6.130131e+02 6.5886e-02 0.0430 4.9400e-02 3.6793e-02 -1.1616e-01 4.8637e-01 0.684 0.606 0.319 1.313 0.01709 -0.07185 0.33411 0.24572 892.44234 833.99334 24706.08651 0.56448 0.37453 0.67002 0.09949 -0.06580 0.01619 
22300.000 6.013656e+02 6.7810e-02 0.0113 5.1870e-02 -1.5707e-02 -1.1526e-01 4.8913e-01 0.685 0.606 0.319 1.325 -0.01724 -0.06250 0.33681 0.23237 1044.79804 724.39191 24488.22699 0.55739 0.37221 0.68021 0.10766 -0.03662 0.00802 
22400.000 6.166204e+02 6.5309e-02 0.0506 5.2524e-02 -7.0850e-02 -7.0724e-02 4.9451e-01 0.686 0.608 0.318 1.325 -0.04730 -0.03918 0.33986 0.22976 1191.45833 524.98342 24765.85599 0.55325 0.37374 0.68588 0.11365 -0.00950 -0.00013 
22500.000 6.280624e+02 6.3533e-02 0.0704 5.0358e-02 -1.0385e-01 -7.6287e-03 4.9513e-01 0.687 0.609 0.318 1.325 -0.06273 -0.01181 0.34095 0.23525 1207.35664 354.66246 24967.22975 0.54905 0.37896 0.68667 0.11820 0.00677 -0.00972 
22600.000 6.256196e+02 6.3905e-02 0.0543 4.8744e-02 -9.6318e-02 5.1311e-02 4.9455e-01 0.687 0.609 0.318 1.325 -0.05786 0.01937 0.34136 0.22057 1194.39433 233.02058 24945.81912 0.54460 0.38634 0.68332 0.12085 0.02261 -0.02346 
22700.000 6.144796e+02 6.5651e-02 0.0362 5.0712e-02 -6.0689e-02 8.8980e-02 4.9228e-01 0.686 0.608 0.318 1.325 -0.04152 0.05130 0.33867 0.22437 1249.77303 122.09203 24740.59315 0.54075 0.39750 0.67455 0.12079 0.04725 -0.03952 
22800.000 6.029365e+02 6.7545e-02 0.0345 5.2605e-02 -1.2666e-02 1.0086e-01 4.9153e-01 0.685 0.606 0.319 1.313 -0.01736 0.07405 0.33426 0.24491 1286.17774 -103.53943 24506.20944 0.53156 0.41350 0.66470 0.11982 0.06889 -0.04622 
22900.000 6.134891e+02 6.5810e-02 0.0324 5.1684e-02 3.5899e-02 9.8664e-02 4.9115e-01 0.684 0.606 0.319 1.325 0.01482 0.08167 0.33229 0.25404 1236.43920 -326.80482 24722.63106 0.51922 0.42541 0.66461 0.12723 0.07153 -0.03333 
23000.000 6.226109e+02 6.4369e-02 0.0401 4.9253e-02 7.7021e-02 9.0696e-02 4.8849e-01 0.685 0.607 0.319 1.325 0.05160 0.07140 0.33213 0.25090 1147.67119 -435.40341 24901.89238 0.51524 0.42380 0.67168 0.13924 0.04552 -0.00145 
23100.000 6.226044e+02 6.4370e-02 0.0115 4.9397e-02 1.1097e-01 7.7966e-02 4.8587e-01 0.686 0.608 0.318 1.325 0.08496 0.04873 0.33107 0.26240 1114.41858 -525.20007 24919.96673 0.52282 0.41622 0.67366 0.14045 0.00142 0.03292 
23200.000 6.176995e+02 6.5138e-02 0.0125 5.1815e-02 1.3608e-01 4.8479e-02 4.8500e-01 0.687 0.608 0.318 1.325 0.10353 0.01906 0.33005 0.27267 1091.61400 -681.91075 24818.27266 0.52403 0.42025 0.66959 0.13261 -0.03992 0.05316 
23300.000 6.103441e+02 6.6319e-02 0.0350 5.2390e-02 1.5063e-01 -1.1111e-02 4.8267e-01 0.687 0.609 0.318 1.325 0.10460 -0.01746 0.33013 0.26910 934.14091 -893.88727 24656.13221 0.51672 0.43365 0.66421 0.12827 -0.06622 0.05842 
23400.000 6.112545e+02 6.6171e-02 0.0233 5.0455e-02 1.4690e-01 -8.7938e-02 4.7474e-01 0.686 0.608 0.318 1.313 0.09131 -0.05663 0.32825 0.26971 759.30355 -988.60846 24685.42472 0.50772 0.44588 0.65913 0.12746 -0.07614 0.05885 
23500.000 6.144387e+02 6.5657e-02 0.0114 4.8783e-02 1.1509e-01 -1.4988e-01 4.6637e-01 0.685 0.606 0.319 1.325 0.06782 -0.08975 0.32456 0.28503 652.26120 -1017.55424 24756.79192 0.49871 0.45633 0.65552 0.12722 -0.07719 0.06324 
23600.000 6.213777e+02 6.4560e-02 0.0368 5.0569e-02 5.5428e-02 -1.7088e-01 4.6852e-01 0.684 0.606 0.319 1.325 0.03589 -0.10722 0.32332 0.28659 583.38955 -1115.85671 24878.71367 0.48931 0.46510 0.65522 0.12823 -0.07439 0.06548 
23700.000 6.231358e+02 6.4287e-02 0.0459 5.2551e-02 -1.9678e-02 -1.5238e-01 4.7821e-01 0.685 0.606 0.319 1.325 -0.00394 -0.10674 0.32599 0.26851 440.05661 -1233.70155 24901.97159 0.47782 0.47017 0.66226 0.13332 -0.06791 0.05391 
23800.000 6.201252e+02 6.4756e-02 0.0642 5.1427e-02 -8.3535e-02 -1.2091e-01 4.8240e-01 0.686 0.607 0.319 1.325 -0.04497 -0.09496 0.32815 0.26805 165.57455 -1266.67604 24818.08079 0.46877 0.47183 0.67086 0.14286 -0.05385 0.02376 
23900.000 6.110735e+02 6.6200e-02 0.0408 4.9465e-02 -1.1322e-01 -9.2898e-02 4.8417e-01 0.687 0.609 0.318 1.317 -0.07472 -0.07344 0.33066 0.27477 12.40966 -1221.19077 24669.08888 0.47197 0.46833 0.67444 0.15198 -0.02629 -0.01479 
24000.000 6.085013e+02 6.6621e-02 0.0335 4.9299e-02 -1.1583e-01 -6.2596e-02 4.8852e-01 0.687 0.609 0.318 1.313 -0.08845 -0.04054 0.33299 0.26423 -82.30850 -1212.14457 24624.03228 0.47966 0.46322 0.67164 0.14820 0.01150 -0.04833 
24100.000 6.210689e+02 6.4609e-02 0.0582 5.1988e-02 -1.0768e-01 -1.8289e-02 4.9256e-01 0.686 0.608 0.319 1.313 -0.08576 -0.00046 0.33415 0.24664 -236.99182 -1270.92028 24845.34734 0.47687 0.46956 0.66596 0.13681 0.04640 -0.06477 
24200.000 6.266745e+02 6.3744e-02 0.0645 5.2791e-02 -1.0161e-01 3.7288e-02 4.9053e-01 0.685 0.607 0.319 1.325 -0.07266 0.03522 0.33351 0.24895 -437.70628 -1243.38729 24946.58456 0.46350 0.48471 0.66228 0.13213 0.06232 -0.06215 
24300.000 6.208761e+02 6.4639e-02 0.0344 5.0334e-02 -8.4995e-02 8.3550e-02 4.8705e-01 0.685 0.606 0.319 1.325 -0.04893 0.05570 0.33432 0.23857 -639.26244 -1077.57091 24871.08777 0.44895 0.49169 0.66928 0.13587 0.05372 -0.04543 
24400.000 6.116420e+02 6.6108e-02 0.0276 4.8677e-02 -4.3451e-02 1.0766e-01 4.8964e-01 0.685 0.606 0.319 1.325 -0.01605 0.06267 0.33721 0.22370 -707.48372 -972.87181 24692.67571 0.43609 0.49432 0.67955 0.13878 0.03161 -0.02460 
24500.000 6.061214e+02 6.7013e-02 0.0474 5.0235e-02 2.1291e-02 1.0032e-01 4.9422e-01 0.687 0.608 0.318 1.325 0.01974 0.05877 0.34006 0.22761 -807.00340 -934.67792 24560.81247 0.42776 0.49962 0.68605 0.14053 0.01144 -0.00701 
24600.000 6.162489e+02 6.5368e-02 0.0293 5.3013e-02 8.3224e-02 6.2033e-02 4.9497e-01 0.687 0.609 0.318 1.313 0.04815 0.04295 0.34061 0.24022 -988.98732 -866.41055 24778.88240 0.42182 0.50569 0.68665 0.13930 -0.00003 0.00890 
24700.000 6.233912e+02 6.4248e-02 0.0216 5.2656e-02 1.1058e-01 5.3244e-03 4.9391e-01 0.687 0.609 0.318 1.313 0.06115 0.01344 0.34080 0.23204 -1117.66208 -690.55797 24927.37874 0.41724 0.51313 0.68362 0.13646 -0.00887 0.02893 
24800.000 6.223873e+02 6.4403e-02 0.0055 4.9258e-02 9.6975e-02 -4.9693e-02 4.9257e-01 0.686 0.608 0.319 1.325 0.06021 -0.02455 0.33908 0.22720 -1136.22171 -466.76788 24917.07234 0.41613 0.52107 0.67553 0.13072 -0.02301 0.05350 
24900.000 6.148635e+02 6.5589e-02 0.0227 4.8353e-02 5.7802e-02 -8.2917e-02 4.9227e-01 0.685 0.607 0.319 1.325 0.04795 -0.05607 0.33559 0.23915 -1140.24752 -368.11261 24761.07539 0.41296 0.53119 0.66706 0.12161 -0.03871 0.06940 
25000.000 6.052621e+02 6.7156e-02 0.0417 5.1249e-02 1.1808e-02 -9.9099e-02 4.9210e-01 0.684 0.605 0.319 1.325 0.02326 -0.07553 0.33313 0.24338 -1234.49993 -248.05976 24548.43162 0.40063 0.54240 0.66601 0.11535 -0.04702 0.06089 
25100.000 6.124806e+02 6.5972e-02 0.0195 5.3395e-02 -2.6688e-02 -1.0945e-01 4.8936e-01 0.685 0.606 0.319 1.325 -0.01103 -0.08342 0.33254 0.24415 -1319.32266 -57.34885 24708.38584 0.38816 0.55006 0.67181 0.12056 -0.04086 0.02559 
25200.000 6.207075e+02 6.4665e-02 0.0206 5.2088e-02 -6.0182e-02 -1.1472e-01 4.8706e-01 0.686 0.607 0.319 1.325 -0.04952 -0.07954 0.33189 0.25713 -1288.24537 149.31747 24874.93152 0.38992 0.54783 0.67414 0.12748 -0.01851 -0.02347 
25300.000 6.252777e+02 6.3957e-02 0.0550 4.8733e-02 -9.7774e-02 -1.0345e-01 4.8562e-01 0.687 0.609 0.318 1.313 -0.08251 -0.06345 0.33045 0.27740 -1180.20809 293.93536 24938.11430 0.39998 0.54392 0.66997 0.12418 0.01021 -0.06292 
25400.000 6.197959e+02 6.4808e-02 0.0517 4.8932e-02 -1.3587e-01 -5.9507e-02 4.8381e-01 0.687 0.609 0.318 1.313 -0.10052 -0.03207 0.33048 0.27105 -1153.29976 385.68148 24832.71580 0.40156 0.54882 0.66438 0.11334 0.03305 -0.08106 
25500.000 6.090645e+02 6.6528e-02 0.0458 5.2354e-02 -1.6712e-01 1.2388e-02 4.7617e-01 0.687 0.609 0.318 1.325 -0.10648 0.01053 0.32888 0.26663 -1144.53109 595.34888 24619.56419 0.39819 0.55669 0.65913 0.10486 0.04442 -0.08658 
25600.000 6.113752e+02 6.6151e-02 0.0408 5.3190e-02 -1.6922e-01 8.2757e-02 4.6613e-01 0.685 0.606 0.319 1.325 -0.10027 0.05065 0.32426 0.28121 -1055.20182 782.14977 24670.49781 0.39300 0.56209 0.65526 0.09707 0.04410 -0.08967 
25700.000 6.202171e+02 6.4742e-02 0.0608 5.1130e-02 -1.2843e-01 1.3022e-01 4.6698e-01 0.685 0.606 0.319 1.325 -0.07983 0.08077 0.32289 0.28707 -909.21919 887.30746 24825.64172 0.38547 0.56834 0.65560 0.09094 0.03949 -0.09029 
25800.000 6.245302e+02 6.4072e-02 0.0583 4.8571e-02 -5.2157e-02 1.4863e-01 4.7729e-01 0.685 0.606 0.319 1.325 -0.04326 0.09868 0.32601 0.27284 -773.78978 931.91333 24918.62818 0.37372 0.57367 0.66283 0.08843 0.03778 -0.07733 
25900.000 6.215882e+02 6.4528e-02 0.0492 5.0036e-02 2.2686e-02 1.4839e-01 4.8211e-01 0.686 0.608 0.319 1.313 -0.00076 0.10668 0.32833 0.27407 -704.17226 1027.26556 24870.32659 0.35945 0.58132 0.67147 0.08991 0.03811 -0.04616 
26000.000 6.127543e+02 6.5928e-02 0.0132 5.3012e-02 6.3672e-02 1.3400e-01 4.8370e-01 0.687 0.609 0.318 1.313 0.03462 0.09976 0.33025 0.27308 -532.10934 1198.74173 24716.94709 0.35388 0.58617 0.67440 0.09709 0.03107 -0.00190 
26100.000 6.110882e+02 6.6198e-02 0.0262 5.2481e-02 7.8615e-02 1.0814e-01 4.8750e-01 0.687 0.609 0.318 1.342 0.06090 0.07696 0.33245 0.25876 -326.89621 1254.40318 24677.69871 0.36117 0.58152 0.67200 0.10098 0.01260 0.04428 
26200.000 6.133665e+02 6.5829e-02 0.0457 5.0035e-02 9.0496e-02 6.9010e-02 4.9127e-01 0.686 0.607 0.319 1.325 0.07793 0.04236 0.33310 0.24717 -174.59269 1224.98031 24709.42405 0.37051 0.57601 0.66537 0.09133 -0.01152 0.07754 
26300.000 6.189590e+02 6.4939e-02 0.0207 4.8945e-02 1.0949e-01 1.6849e-02 4.9029e-01 0.685 0.606 0.319 1.325 0.08400 0.00386 0.33286 0.25289 -74.60003 1214.66849 24843.75571 0.36875 0.58096 0.66064 0.07780 -0.02947 0.08631 
26400.000 6.220473e+02 6.4456e-02 0.0033 5.1102e-02 1.1813e-01 -3.5908e-02 4.8631e-01 0.685 0.606 0.319 1.325 0.07386 -0.02800 0.33347 0.25301 61.41047 1272.48222 24908.19642 0.35583 0.58760 0.66622 0.07090 -0.03141 0.07069 
26500.000 6.202589e+02 6.4735e-02 0.0244 5.2787e-02 9.1608e-02 -7.7709e-02 4.8849e-01 0.685 0.606 0.319 1.325 0.04600 -0.04975 0.33654 0.23139 331.33653 1271.18846 24862.88888 0.34251 0.58957 0.67795 0.06877 -0.02095 0.04087 
