# t xyz,vxyz(res) xyz,vxyz(PT) xyz,vxyz(PC)   lx ly lz Ixx Iyy Izz Ixy Iyz Ixz
  0.000 -593.23494 30.25065 1.51379 -2.08177 -41.13058 -2.05824 -1.38737 -0.11870 0.27582 0.00860 -0.65185 -0.23725 -275.00000 0.00000 0.00000 0.00000 -60.30227 0.00000 0.00938 -0.11444 0.32863 0.34010 0.62743 0.69392 -0.00334 -0.01520 0.01874 
100.004 -530.37405 -253.52699 -15.49217 17.41947 -38.27609 -1.87431 -1.38724 -0.25247 0.09249 0.06602 -0.66308 -0.23575 274.46830 -17.10802 -0.00002 3.75143 60.18540 -0.00000 -0.02695 -0.10904 0.32855 0.32243 0.61470 0.68083 -0.02643 -0.02516 -0.02074 
200.000 -349.59993 -478.99121 -28.82174 32.87440 -26.26127 -0.93227 -1.37072 -0.35984 -0.11903 0.20114 -0.67945 -0.11016 -272.80843 34.67351 0.00005 -7.60308 -59.82065 0.00000 -0.06219 -0.08647 0.32841 0.34017 0.61273 0.66658 -0.04217 -0.03529 -0.06522 
300.000 -101.40276 -591.01523 -29.40459 40.82710 -7.96883 0.53677 -1.29919 -0.47580 -0.26450 0.26140 -0.67522 -0.03693 270.06149 -51.90346 -0.00010 11.38123 59.21806 -0.00000 -0.09034 -0.05620 0.32686 0.36916 0.59678 0.64560 -0.05853 -0.04209 -0.10258 
400.000 184.95228 -575.68997 -19.29425 39.39122 11.61322 1.50150 -1.25678 -0.57468 -0.27598 0.27340 -0.64163 0.04222 -266.21683 68.96887 0.00012 -15.12313 -58.37445 -0.00000 -0.10100 -0.02215 0.32707 0.39599 0.57168 0.64280 -0.08439 -0.04056 -0.10970 
500.000 434.02235 -440.58432 -4.97700 28.77276 27.61602 1.98231 -1.24467 -0.65481 -0.13022 0.31251 -0.63697 0.09408 261.27995 -85.79832 -0.00013 18.81332 57.29172 -0.00000 -0.09262 0.01536 0.33016 0.40499 0.54954 0.65856 -0.11557 -0.02281 -0.08500 
600.004 584.59005 -211.82089 13.03368 14.17138 37.09110 1.93784 -1.20404 -0.73473 0.08799 0.35243 -0.57963 0.13974 -255.35409 102.09745 0.00016 -22.38699 -55.99172 0.00000 -0.07166 0.04837 0.33376 0.40610 0.53222 0.67393 -0.13306 0.00512 -0.03906 
700.004 620.56263 65.75853 28.15909 -3.13860 39.48570 1.12457 -1.10927 -0.82698 0.30375 0.43318 -0.52370 0.15203 248.28893 -118.24863 -0.00020 25.92836 54.44229 -0.00000 -0.04387 0.06923 0.33653 0.42052 0.51302 0.68157 -0.13927 0.02938 0.00713 
800.004 530.76979 327.71102 30.80276 -20.73792 33.98338 -0.13858 -0.97834 -0.93647 0.40852 0.52189 -0.46862 0.13454 -240.18205 133.95425 0.00022 -29.37180 -52.66411 -0.00000 -0.01324 0.07343 0.33889 0.44838 0.48629 0.67890 -0.14026 0.03877 0.03426 
900.004 339.40187 521.56874 24.96523 -33.78904 21.48519 -1.10479 -0.85632 -1.04707 0.41658 0.55904 -0.42899 0.05485 231.05778 -149.14401 -0.00023 32.70231 50.66325 0.00000 0.01933 0.06203 0.34089 0.47998 0.45696 0.68006 -0.14195 0.03879 0.04019 
1000.004 78.75211 611.66524 12.76143 -40.23503 3.67702 -1.93247 -0.76505 -1.12384 0.38524 0.57288 -0.40159 -0.03304 -220.94811 163.75188 0.00026 -35.90490 -48.44594 0.00000 0.04911 0.04033 0.34037 0.50462 0.42875 0.67871 -0.13571 0.03564 0.03386 
1100.004 -202.15752 578.95536 -6.51521 -37.63282 -14.55336 -2.09544 -0.66144 -1.20553 0.32994 0.58548 -0.36441 -0.12294 209.88621 -177.71012 -0.00029 38.96537 46.02035 -0.00000 0.06327 0.01207 0.33872 0.52959 0.40015 0.68250 -0.12696 0.02814 0.02110 
1200.004 -432.05717 430.92274 -22.96115 -27.28605 -29.50448 -1.36190 -0.56371 -1.26922 0.24892 0.62283 -0.30515 -0.12771 -197.91344 190.95658 0.00031 -41.86937 -43.39467 -0.00000 0.05757 -0.02157 0.33768 0.54963 0.37630 0.68424 -0.11419 0.00886 0.00871 
1300.004 -568.56251 177.48548 -28.70174 -11.54543 -39.87258 -0.27058 -0.42922 -1.33948 0.11479 0.64600 -0.21743 -0.10850 185.07147 -203.42835 -0.00032 44.60376 40.57887 0.00000 0.03807 -0.05294 0.33659 0.56867 0.35927 0.68250 -0.09844 -0.02353 0.00082 
1400.004 -581.18306 -114.99360 -26.61084 8.13748 -41.26902 0.84344 -0.28575 -1.38095 -0.03672 0.68655 -0.13534 -0.03167 -171.41164 215.06702 0.00033 -47.15502 -37.58326 0.00000 0.01223 -0.07308 0.33583 0.58650 0.35099 0.67271 -0.07692 -0.05975 -0.00305 
1500.004 -459.33737 -363.87227 -15.06786 27.03251 -32.93112 1.97133 -0.16071 -1.39486 -0.13756 0.69215 -0.07984 0.02679 156.98318 -225.81524 -0.00037 49.51146 34.41961 -0.00000 -0.01904 -0.07615 0.33646 0.59862 0.34874 0.66445 -0.05074 -0.08368 -0.00626 
1600.004 -230.63303 -537.75470 4.32984 39.06768 -16.53310 2.21513 -0.06681 -1.40900 -0.13337 0.71801 -0.04361 0.11172 -141.84578 235.62049 0.00038 -51.66083 -31.10020 -0.00000 -0.05563 -0.06401 0.33647 0.60770 0.34067 0.66520 -0.01916 -0.08447 -0.01412 
1700.004 47.57916 -592.49540 20.60453 41.22116 3.63712 1.46513 0.00907 -1.41868 -0.01622 0.69079 0.00115 0.17240 126.05572 -244.43313 -0.00038 53.59289 27.63818 0.00000 -0.08714 -0.04204 0.33396 0.61846 0.32700 0.67081 0.00855 -0.05596 -0.02337 
1800.004 323.97109 -495.40560 28.22308 35.43196 21.97413 0.48922 0.07377 -1.39706 0.21017 0.68153 0.06066 0.19616 -109.68073 252.20780 0.00039 -55.29690 -24.04761 -0.00000 -0.10267 -0.01051 0.33075 0.62045 0.32013 0.67282 0.02275 -0.00338 -0.02966 
1900.004 528.28636 -286.74787 28.34026 21.71859 35.15701 -0.66260 0.16785 -1.33107 0.43878 0.65147 0.14161 0.17902 92.78511 -258.90181 -0.00040 56.76422 20.34322 -0.00000 -0.09981 0.02746 0.32842 0.61148 0.33227 0.66782 0.03344 0.05452 -0.03099 
2000.004 606.77935 -27.52075 16.71541 3.18948 40.86201 -1.81795 0.31345 -1.23272 0.60407 0.64195 0.23334 0.13007 -75.44273 264.47815 0.00043 -57.98620 -16.54058 -0.00000 -0.08385 0.06678 0.32619 0.59630 0.35877 0.65429 0.05075 0.09470 -0.02931 
2100.004 558.36102 249.18500 -2.20225 -15.68030 37.59365 -2.08870 0.45915 -1.17584 0.63138 0.63636 0.27044 0.05082 57.72307 -268.90291 -0.00043 58.95611 12.65561 0.00000 -0.05941 0.09630 0.32390 0.58222 0.38017 0.64753 0.07420 0.10622 -0.03006 
2200.004 397.43698 477.73107 -17.86997 -30.62831 25.64790 -1.56874 0.60511 -1.13827 0.57637 0.64155 0.31585 -0.05329 -39.70559 272.14920 0.00042 -59.66723 -8.70514 -0.00000 -0.02493 0.10899 0.32519 0.56320 0.39153 0.65480 0.09684 0.09339 -0.03137 
2300.004 154.18077 605.06651 -28.38743 -38.30124 9.90922 -0.80439 0.71413 -1.12047 0.48701 0.61826 0.33178 -0.14524 21.46472 -274.19239 -0.00042 60.11495 4.70605 -0.00000 0.01641 0.10649 0.32813 0.54254 0.40155 0.66861 0.11746 0.07089 -0.02919 
2400.004 -124.76683 613.56587 -32.11473 -38.49480 -7.56321 0.35725 0.83623 -1.07554 0.38571 0.56731 0.36703 -0.21299 -3.08544 275.01581 0.00043 -60.29483 -0.67638 -0.00000 0.05502 0.09267 0.32979 0.52089 0.41554 0.67856 0.13305 0.04849 -0.01876 
2500.004 -377.29351 495.79046 -22.10296 -31.56123 -24.15449 1.53439 0.94279 -1.02254 0.25878 0.51535 0.42209 -0.20974 -15.35575 -274.60506 -0.00044 60.20451 -3.36652 0.00000 0.08157 0.06865 0.33050 0.49988 0.43320 0.68191 0.14368 0.02608 0.00299 
2600.004 -550.00124 285.64308 -5.46809 -18.11459 -35.89308 1.97739 1.04572 -0.94472 0.07677 0.45357 0.48453 -0.17404 33.77004 272.95477 0.00042 -59.84205 7.40375 -0.00000 0.09219 0.03450 0.33244 0.48367 0.45290 0.67655 0.14714 -0.00177 0.03427 
2700.004 -609.46774 15.38198 10.43057 0.46771 -40.92961 1.85482 1.09724 -0.88791 -0.10618 0.44144 0.55460 -0.09459 -52.07938 -270.06134 -0.00042 59.20735 -11.41762 0.00000 0.08918 -0.00658 0.33364 0.47188 0.47551 0.66552 0.14104 -0.03365 0.06574 
2800.004 -544.16730 -264.10237 24.90861 19.22382 -36.23655 1.18787 1.14976 -0.79205 -0.20822 0.39994 0.57983 -0.01373 70.19257 265.93085 0.00042 -58.30126 15.38879 0.00000 0.07469 -0.04125 0.33306 0.45041 0.50480 0.65503 0.12659 -0.05477 0.08241 
2900.004 -369.73183 -475.62021 31.58739 33.45553 -23.46982 -0.14777 1.20656 -0.72009 -0.14856 0.37396 0.61436 0.05252 -88.03189 -260.57096 -0.00041 57.12591 -19.29951 0.00000 0.04753 -0.06019 0.33401 0.41531 0.53421 0.66032 0.11845 -0.05556 0.07011 
3000.004 -101.84351 -582.06292 23.74059 41.25004 -6.53223 -1.34227 1.25464 -0.64331 0.03198 0.30807 0.61163 0.09551 105.50661 253.99982 0.00039 -55.68486 23.13051 -0.00000 0.01333 -0.06533 0.33657 0.38323 0.55378 0.67297 0.11554 -0.03891 0.03138 
3100.004 191.00873 -559.29423 8.87098 39.96133 12.92488 -1.95564 1.27859 -0.54097 0.25586 0.24517 0.64602 0.12153 -122.53888 -246.23699 -0.00038 53.98259 -26.86408 0.00000 -0.02097 -0.05898 0.33941 0.36505 0.56650 0.68047 0.10690 -0.01441 -0.01596 
3200.004 424.87055 -401.54872 -7.71324 29.27181 30.98654 -2.07868 1.29808 -0.39616 0.39460 0.16550 0.65400 0.11304 139.03975 237.31238 0.00038 -52.02554 30.48150 0.00000 -0.04738 -0.04269 0.34081 0.35486 0.57979 0.67941 0.08736 0.00702 -0.04914 
3300.004 566.48492 -149.90364 -23.96866 11.25209 40.96628 -1.40387 1.33078 -0.22670 0.42996 0.10100 0.71388 0.05391 -154.93354 -227.25674 -0.00037 49.82071 -33.96550 -0.00000 -0.05905 -0.01246 0.34220 0.34257 0.59495 0.67707 0.06184 0.01781 -0.05770 
3400.004 582.84466 127.53298 -30.77952 -8.91708 40.53833 0.03036 1.35755 -0.09758 0.39042 0.06280 0.70322 -0.03374 170.13630 216.11163 0.00034 -47.37706 37.29831 -0.00000 -0.05898 0.02626 0.34097 0.33102 0.60564 0.67787 0.03783 0.01840 -0.05110 
3500.004 455.90207 387.30246 -24.07062 -25.86941 32.14037 1.14486 1.37533 0.02788 0.32923 0.01605 0.70760 -0.12546 -184.57639 -203.91904 -0.00031 44.70391 -40.46344 0.00000 -0.04564 0.05732 0.33739 0.32269 0.60824 0.68156 0.01231 0.01137 -0.03486 
3600.004 225.66297 566.67361 -11.40354 -36.72420 16.97969 1.80979 1.38381 0.12330 0.24730 -0.02824 0.67943 -0.16150 198.17409 190.73311 0.00030 -41.81288 43.44419 0.00000 -0.01855 0.07446 0.33472 0.31970 0.60702 0.68395 -0.01120 0.00644 -0.01263 
3700.004 -42.83798 613.35442 5.56827 -40.34831 -1.53277 2.08222 1.37964 0.25449 0.12871 -0.10708 0.66163 -0.16528 -210.86343 -176.60611 -0.00029 38.71562 -46.22537 -0.00000 0.01829 0.07932 0.33333 0.32399 0.60310 0.68235 -0.03241 0.01155 0.01719 
3800.004 -309.23131 533.98620 23.21374 -35.42958 -19.43583 1.53504 1.36059 0.36971 -0.02976 -0.18092 0.65897 -0.10976 222.57179 161.60262 0.00027 -35.42625 48.79199 -0.00000 0.05510 0.07426 0.33089 0.33750 0.60004 0.67280 -0.05095 0.02599 0.05240 
3900.004 -515.35348 349.95986 30.95042 -22.45715 -33.07758 0.28094 1.30697 0.49855 -0.19118 -0.25790 0.65284 -0.03338 -233.24120 -145.78468 -0.00023 31.95843 -51.13027 0.00000 0.08343 0.05555 0.32979 0.36160 0.59279 0.65697 -0.06660 0.04036 0.08427 
4000.004 -617.58602 96.61772 28.04727 -5.83214 -39.16176 -0.74373 1.26792 0.57564 -0.25608 -0.28687 0.65579 0.05832 242.80730 129.22710 0.00021 -28.32854 53.22725 0.00000 0.09997 0.02125 0.33058 0.38799 0.57620 0.64920 -0.08487 0.04435 0.10188 
4100.004 -598.39405 -180.70998 18.91148 12.05019 -37.37850 -1.62277 1.23279 0.66466 -0.20445 -0.31556 0.62082 0.13114 -251.22051 -112.00183 -0.00019 24.55230 -55.07082 -0.00000 0.10500 -0.02050 0.33024 0.40791 0.55303 0.65302 -0.10970 0.03274 0.09694 
4200.004 -452.26518 -423.43076 1.32577 27.68098 -28.71884 -2.12410 1.22618 0.70880 -0.03490 -0.34028 0.60121 0.20033 258.42696 94.19118 0.00017 -20.64785 56.65050 -0.00000 0.09665 -0.05869 0.32808 0.41312 0.53797 0.66400 -0.13297 0.00759 0.06691 
4300.004 -223.93622 -573.20932 -17.42490 37.81407 -14.20495 -1.77656 1.17791 0.75376 0.19397 -0.37315 0.53523 0.21165 -264.38705 -75.87607 -0.00014 16.63283 -57.95620 0.00000 0.07389 -0.08637 0.32651 0.41338 0.52723 0.67217 -0.14046 -0.02239 0.02046 
4400.004 51.23172 -600.03754 -27.25839 41.11602 4.84124 -0.72982 1.07972 0.80841 0.41702 -0.45148 0.49764 0.20986 269.05849 57.14555 0.00010 -12.52681 58.98008 0.00000 0.03691 -0.10237 0.32659 0.42642 0.51315 0.67176 -0.13689 -0.04775 -0.02814 
4500.004 324.20490 -501.17402 -28.68714 34.30547 23.65352 0.40061 0.94442 0.89339 0.54382 -0.50326 0.43983 0.15158 -272.41250 -38.08822 -0.00008 8.34916 -59.71452 -0.00000 -0.00597 -0.10771 0.32566 0.45398 0.49378 0.66193 -0.13142 -0.06271 -0.06014 
4600.000 514.72098 -299.45368 -22.06926 19.17439 36.88493 1.60001 0.83972 0.97810 0.57579 -0.56404 0.44253 0.06717 274.43612 18.55680 0.00006 -4.06768 60.15806 -0.00000 -0.04172 -0.09870 0.32558 0.48111 0.47041 0.65796 -0.13010 -0.06865 -0.06563 
4700.000 587.50234 -19.71683 -4.50646 0.93540 41.95181 2.22000 0.75448 1.06770 0.53343 -0.56624 0.41012 -0.02327 -275.06337 0.87427 -0.00003 -0.19165 -60.29484 0.00000 -0.06724 -0.07324 0.32964 0.50535 0.44202 0.66352 -0.12912 -0.06747 -0.05429 
4800.000 528.67059 265.30602 14.48904 -17.76462 37.77563 1.91911 0.66500 1.15253 0.48256 -0.59408 0.38999 -0.11933 274.31198 -20.34586 -0.00001 4.45984 60.12997 -0.00000 -0.08353 -0.03690 0.33441 0.52753 0.41429 0.67217 -0.12567 -0.05954 -0.04094 
4900.000 339.64316 477.37521 25.32174 -34.21054 25.10836 0.97648 0.57880 1.23065 0.39380 -0.58995 0.33176 -0.16474 -272.17899 39.76050 0.00003 -8.71546 -59.66155 -0.00000 -0.08905 0.00132 0.33592 0.54726 0.38903 0.67905 -0.11864 -0.04183 -0.03271 
5000.000 68.64077 585.61025 29.22750 -41.87959 6.00214 -0.18633 0.45740 1.31274 0.26062 -0.63315 0.25265 -0.16846 268.66244 -59.01813 -0.00005 12.93676 58.89059 -0.00000 -0.07610 0.03116 0.33723 0.56498 0.36744 0.68209 -0.10856 -0.01074 -0.02423 
5100.000 -206.44506 565.24543 23.04053 -38.95704 -13.79605 -1.49743 0.38214 1.35853 0.07418 -0.65621 0.19379 -0.10211 -263.77356 78.02102 0.00009 -17.10200 -57.81822 0.00001 -0.04518 0.05333 0.33849 0.57756 0.35711 0.67841 -0.09729 0.03248 -0.01020 
5200.000 -444.11425 411.91365 5.52401 -28.44983 -29.23116 -2.09735 0.27872 1.38173 -0.08247 -0.69508 0.13807 -0.04677 257.52476 -96.66953 -0.00012 21.18962 56.44850 -0.00000 -0.01078 0.06391 0.33756 0.58658 0.35480 0.66913 -0.07620 0.06904 0.00468 
5300.000 -594.37901 166.56500 -12.35542 -12.22004 -37.86204 -1.85654 0.20746 1.39091 -0.11334 -0.69917 0.10825 0.02542 -249.94246 114.86514 0.00014 -25.17770 -54.78573 0.00000 0.01967 0.05886 0.33698 0.59623 0.34683 0.66597 -0.04904 0.07812 0.01554 
5400.000 -610.93067 -107.42004 -24.61581 5.91998 -39.48057 -1.19822 0.10919 1.40671 -0.00565 -0.69968 0.05335 0.06656 241.05296 -132.51074 -0.00016 29.04536 52.83709 -0.00000 0.04358 0.03958 0.33825 0.60751 0.32998 0.67233 -0.02380 0.05380 0.02120 
5500.000 -503.24162 -363.94619 -31.82582 22.83383 -32.99628 -0.17545 0.04454 1.39938 0.19404 -0.69733 0.00381 0.12198 -230.89713 149.51019 0.00018 -32.77118 -50.61030 0.00001 0.06030 0.00904 0.33924 0.61419 0.31871 0.67915 -0.00746 0.00475 0.02183 
5600.000 -297.29168 -547.88943 -27.29114 35.20445 -18.95675 1.18063 -0.07964 1.35408 0.38985 -0.66794 -0.07694 0.12207 219.51505 -165.77189 -0.00023 36.33541 48.11539 -0.00001 0.06606 -0.02507 0.33874 0.61090 0.32480 0.67698 0.00908 -0.04486 0.01792 
5700.000 -37.22120 -623.04032 -12.22648 39.71105 -1.67804 1.88405 -0.21587 1.30942 0.49229 -0.68747 -0.14993 0.09566 -206.96239 181.20378 0.00025 -39.71755 -45.36338 0.00001 0.05284 -0.05424 0.33851 0.60523 0.33747 0.67170 0.03295 -0.07311 0.01190 
5800.000 233.28706 -575.42354 4.22094 36.16696 16.38381 1.93093 -0.37228 1.27518 0.48719 -0.67182 -0.19977 0.00920 193.29286 -195.72067 -0.00026 42.89923 42.36711 -0.00001 0.02250 -0.07646 0.33797 0.59707 0.34816 0.66920 0.05802 -0.07748 0.00799 
5900.000 463.72275 -400.94555 19.77859 25.58070 31.10705 1.53890 -0.47900 1.25218 0.45610 -0.68548 -0.22702 -0.08740 -178.57516 209.23804 0.00027 -45.86166 -39.14074 0.00001 -0.01385 -0.08822 0.33426 0.58470 0.35679 0.67176 0.07983 -0.06863 0.00931 
6000.000 589.98376 -152.97985 30.78669 9.71947 39.45156 0.56389 -0.58578 1.22269 0.39598 -0.63112 -0.24601 -0.16579 162.87628 -221.67888 -0.00030 48.58815 35.69974 -0.00001 -0.04747 -0.08533 0.33005 0.56787 0.36751 0.67588 0.09860 -0.05393 0.01090 
6100.000 582.85514 123.42479 28.41915 -9.62966 40.65029 -0.87246 -0.68710 1.19094 0.31748 -0.61066 -0.29735 -0.20946 -146.27762 232.96801 0.00033 -51.06203 -32.06115 0.00001 -0.07630 -0.06476 0.32819 0.55193 0.37786 0.68037 0.11382 -0.03282 0.00305 
6200.000 451.49324 381.47810 15.69771 -27.80612 31.68733 -1.78339 -0.78444 1.16048 0.14599 -0.54456 -0.34118 -0.20048 128.85816 -243.03794 -0.00034 53.26882 28.24304 -0.00001 -0.10006 -0.02948 0.32674 0.54067 0.38958 0.67934 0.12454 -0.00103 -0.02134 
6300.000 224.66460 545.96985 0.08951 -39.53266 14.46907 -2.09687 -0.87249 1.10770 -0.06526 -0.53389 -0.43549 -0.16785 -110.70957 251.82558 0.00035 -55.19446 -24.26489 0.00001 -0.11224 0.00836 0.32508 0.53658 0.40814 0.66604 0.12815 0.03671 -0.05287 
6400.000 -65.62846 582.25642 -17.42997 -41.82481 -4.90163 -1.79375 -0.91550 1.05060 -0.24061 -0.51241 -0.46677 -0.08370 91.92079 -259.27548 -0.00037 56.82704 20.14689 -0.00002 -0.10390 0.04377 0.32732 0.52952 0.43433 0.64943 0.12479 0.06858 -0.07596 
6500.000 -338.97940 487.35689 -29.76583 -34.74750 -22.53710 -0.71859 -0.97197 0.98462 -0.30923 -0.51577 -0.51382 -0.00678 -72.59424 265.33791 0.00038 -58.15524 -15.91075 0.00002 -0.07894 0.07585 0.32977 0.50591 0.46764 0.64121 0.12126 0.08832 -0.08401 
6600.000 -523.17242 274.01555 -27.62934 -20.51087 -36.67223 0.69503 -1.01670 0.95075 -0.26079 -0.49259 -0.49990 0.08638 52.82733 -269.97065 -0.00039 59.17014 11.57840 -0.00001 -0.04368 0.10033 0.32916 0.47282 0.49664 0.64522 0.12740 0.08828 -0.07148 
6700.000 -596.04378 -8.19576 -16.95603 -1.00721 -41.87748 1.60824 -1.08177 0.90392 -0.09272 -0.45038 -0.52236 0.14612 -32.73059 273.13820 0.00039 -59.86385 -7.17349 0.00002 -0.00752 0.10975 0.32734 0.44367 0.50992 0.65901 0.13716 0.06814 -0.04288 
6800.000 -540.66537 -278.33075 -2.01450 18.16982 -36.72805 2.07915 -1.11647 0.85493 0.11738 -0.39171 -0.53280 0.19339 12.40656 -274.81357 -0.00041 60.23066 2.71915 -0.00002 0.02763 0.09794 0.32848 0.42432 0.51130 0.67562 0.14083 0.03366 -0.00508 
6900.000 -362.71571 -493.49046 16.72315 32.11678 -24.50785 1.85550 -1.16821 0.72405 0.30941 -0.31373 -0.58831 0.18755 8.02876 274.97752 0.00042 -60.26621 1.75974 0.00002 0.05869 0.07231 0.33009 0.40877 0.52049 0.68002 0.13234 -0.00091 0.02806 
7000.000 -105.83958 -613.18525 29.76475 38.71159 -7.51159 0.80599 -1.19801 0.62712 0.40566 -0.27509 -0.62996 0.16147 -28.46735 -273.61927 -0.00042 59.96806 -6.23902 -0.00002 0.07920 0.04147 0.33129 0.39518 0.53803 0.67691 0.12103 -0.01943 0.04803 
7100.000 167.99968 -601.15077 29.96766 38.31839 10.01996 -0.33201 -1.24273 0.50468 0.44128 -0.23751 -0.66248 0.07638 48.79047 270.73629 0.00041 -59.33575 10.69319 0.00002 0.08352 0.00938 0.33429 0.37927 0.55727 0.67454 0.10645 -0.02083 0.05784 
7200.000 411.75425 -468.39519 23.11773 30.35392 25.86812 -1.24403 -1.27308 0.42359 0.45174 -0.22607 -0.68566 0.00105 -68.88786 -266.33426 -0.00041 58.37050 -15.09759 -0.00002 0.07004 -0.02295 0.33821 0.36299 0.57553 0.67496 0.09075 -0.01589 0.06161 
7300.000 573.12938 -240.51472 8.87268 15.14545 37.10864 -2.01849 -1.31375 0.30119 0.42775 -0.18333 -0.66367 -0.09535 88.64133 260.42828 0.00042 -57.07572 19.42677 0.00003 0.04386 -0.05185 0.34023 0.34816 0.58884 0.67724 0.07239 -0.01430 0.05732 
7400.000 619.85114 27.18417 -10.57268 -2.80594 39.96882 -1.99981 -1.35598 0.18432 0.36221 -0.12910 -0.68732 -0.12703 -107.94014 -253.04137 -0.00042 55.45635 -23.65605 -0.00002 0.01391 -0.06490 0.34045 0.33323 0.59983 0.68145 0.05310 -0.01649 0.03983 
7500.000 543.45897 286.64968 -24.85455 -20.63543 34.63590 -1.11249 -1.39703 0.05948 0.19654 -0.04533 -0.66957 -0.10953 126.66863 244.20639 0.00040 -53.51968 27.76050 0.00002 -0.01719 -0.05767 0.34076 0.32323 0.60763 0.68232 0.03635 -0.01811 0.00211 
7600.000 343.56416 498.48573 -29.33293 -34.22640 22.15651 -0.06889 -1.41332 -0.01971 0.01455 0.00731 -0.71530 -0.06782 -144.71972 -233.96288 -0.00039 51.27443 -31.71621 -0.00003 -0.04534 -0.03743 0.33889 0.32550 0.61008 0.67564 0.02121 -0.01501 -0.04512 
7700.000 76.54968 598.83767 -26.50480 -40.57021 4.82579 0.99598 -1.40023 -0.10209 -0.12671 0.05021 -0.68926 -0.00764 161.98254 222.36180 0.00039 -48.73163 35.49927 0.00003 -0.06426 -0.01065 0.33638 0.33765 0.60631 0.66513 -0.00020 -0.00830 -0.07961 
7800.000 -199.85129 555.75606 -12.96908 -39.36683 -14.84611 2.03988 -1.39599 -0.17472 -0.11899 0.08743 -0.71703 0.05464 -178.35566 -209.45954 -0.00039 45.90366 -39.08704 -0.00003 -0.06907 0.02001 0.33534 0.34247 0.60410 0.66304 -0.02853 0.00146 -0.08403 
7900.000 -436.57040 392.57541 6.75015 -28.18808 -31.79665 2.16049 -1.39317 -0.23142 0.01262 0.11253 -0.67230 0.11322 193.73500 195.32413 0.00037 -42.80543 42.45727 0.00002 -0.05490 0.05303 0.33590 0.33479 0.60508 0.67163 -0.05082 0.01339 -0.05229 
8000.000 -568.98461 146.82545 21.41511 -9.48711 -41.30819 1.33664 -1.36349 -0.29531 0.23144 0.17837 -0.66580 0.17400 -208.02874 -180.02682 -0.00034 39.45271 -45.58932 -0.00002 -0.02843 0.08341 0.33499 0.33222 0.60312 0.67818 -0.06252 0.02450 -0.00269 
8100.000 -567.28429 -148.28574 28.46049 10.41088 -40.80523 0.31095 -1.30721 -0.37316 0.39029 0.22917 -0.61407 0.18723 221.14324 163.65127 0.00033 -35.86384 48.46324 0.00003 0.00315 0.09676 0.33385 0.34327 0.59427 0.67790 -0.07194 0.02868 0.04069 
8200.000 -437.42775 -407.96093 27.38902 26.82052 -31.02754 -0.90279 -1.23414 -0.48987 0.49200 0.30978 -0.63498 0.14232 -232.99763 -146.28437 -0.00032 32.05772 -51.06052 -0.00003 0.03868 0.09089 0.33242 0.36226 0.58059 0.67171 -0.08461 0.02988 0.06720 
8300.000 -204.73789 -561.93709 13.33192 38.42715 -15.50787 -1.95667 -1.17814 -0.56361 0.53933 0.32214 -0.61628 0.07115 243.51082 128.02404 0.00031 -28.05580 53.36414 0.00002 0.07444 0.07026 0.32926 0.38167 0.56679 0.66336 -0.09581 0.03511 0.08055 
8400.000 80.54509 -598.33241 -5.69143 41.18206 3.78907 -2.07632 -1.10307 -0.65712 0.58696 0.34900 -0.62511 -0.04311 -252.61459 -108.97048 -0.00028 23.88007 -55.35856 -0.00002 0.10215 0.04240 0.32496 0.40328 0.55026 0.65624 -0.10602 0.04612 0.08634 
8500.000 340.67261 -510.61406 -20.05209 34.17589 21.94668 -1.47715 -1.05822 -0.72815 0.58638 0.34955 -0.59913 -0.10998 260.24365 89.23255 0.00025 -19.55448 57.03020 0.00002 0.11172 0.00778 0.32420 0.42155 0.53307 0.65597 -0.11704 0.05101 0.08460 
8600.000 533.64990 -310.87055 -29.70802 20.59612 34.42462 -0.59712 -0.99619 -0.85867 0.50574 0.37817 -0.54743 -0.19077 -266.34544 -68.92163 -0.00024 15.10345 -58.36680 -0.00002 0.10391 -0.03260 0.32594 0.43445 0.51157 0.66394 -0.12939 0.03761 0.07213 
8700.000 623.71756 -43.24567 -30.99158 2.90050 39.20337 0.69790 -0.98632 -0.95515 0.33193 0.42458 -0.50864 -0.20821 270.87178 48.15745 0.00022 -10.55309 59.35842 0.00002 0.08504 -0.07023 0.32699 0.44166 0.49821 0.67257 -0.14428 0.00573 0.04687 
8800.000 583.68293 227.48885 -18.73863 -14.10907 36.81825 1.68053 -0.95681 -1.03654 0.08659 0.48681 -0.46138 -0.21164 -273.78715 -27.05973 -0.00019 5.92979 -59.99665 -0.00002 0.05748 -0.09502 0.32835 0.44675 0.49541 0.67134 -0.14998 -0.03335 0.00819 
8900.000 429.13806 453.45796 -1.77266 -28.71693 27.46693 1.97177 -0.95595 -1.04118 -0.09832 0.52182 -0.46617 -0.16724 275.06189 5.75564 0.00016 -1.26123 60.27571 0.00002 0.02238 -0.10321 0.33037 0.45664 0.49304 0.66459 -0.14291 -0.06372 -0.03234 
9000.000 182.19412 589.36160 13.97797 -38.75505 11.23062 1.75320 -0.89818 -1.07245 -0.20760 0.54438 -0.43602 -0.10813 -274.67963 15.62996 -0.00015 -3.42499 -60.19128 -0.00002 -0.01778 -0.09483 0.33235 0.48067 0.47525 0.65689 -0.13082 -0.07685 -0.06133 
9100.000 -95.46291 606.40642 27.40155 -39.85252 -7.50695 0.99461 -0.86673 -1.10308 -0.18618 0.56654 -0.44668 -0.01503 272.63043 -36.96441 0.00013 8.10012 59.74196 0.00001 -0.05248 -0.07568 0.33227 0.50639 0.44952 0.65673 -0.12800 -0.07091 -0.06846 
9200.000 -343.38258 500.71652 31.57608 -32.44851 -24.94264 -0.39231 -0.78950 -1.16451 -0.08143 0.55539 -0.38242 0.04761 -268.91785 58.12023 -0.00010 -12.73587 -58.92775 -0.00001 -0.07154 -0.04841 0.33235 0.52027 0.42348 0.66668 -0.12835 -0.05204 -0.05383 
9300.000 -529.49436 279.41063 22.08027 -18.19855 -37.00406 -1.48589 -0.71196 -1.21547 0.06865 0.60287 -0.34568 0.12537 263.55215 -78.96424 0.00006 17.30340 57.75186 0.00001 -0.07416 -0.01445 0.33418 0.53000 0.40043 0.67903 -0.12639 -0.02736 -0.02905 
9400.000 -598.93866 -0.80906 6.92302 0.27053 -41.04850 -1.97878 -0.60790 -1.25943 0.17848 0.60749 -0.27004 0.14733 -256.55803 99.36882 -0.00004 -21.77429 -56.21861 -0.00001 -0.06517 0.02124 0.33691 0.54166 0.38429 0.68455 -0.12041 -0.00388 -0.00817 
9500.000 -518.24221 -274.27517 -9.88122 20.05579 -37.27145 -2.02621 -0.54809 -1.27583 0.27787 0.67184 -0.25600 0.13825 247.96653 -119.20263 0.00003 26.12029 54.33577 0.00000 -0.04643 0.04970 0.33895 0.55587 0.37188 0.68523 -0.11195 0.01808 0.00132 
9600.000 -322.99331 -487.55418 -25.38495 35.42431 -23.81247 -1.26661 -0.47035 -1.29052 0.34034 0.65809 -0.22165 0.06889 -237.82318 138.34021 -0.00001 -30.31345 -52.11237 0.00000 -0.01682 0.06018 0.34143 0.56983 0.36210 0.68233 -0.09966 0.03725 0.00438 
9700.000 -64.08434 -584.94880 -30.03793 42.15275 -4.16897 0.23598 -0.38452 -1.29573 0.42657 0.70110 -0.21147 -0.01780 226.17856 -156.65726 -0.00003 34.32708 49.56065 -0.00001 0.02152 0.05540 0.34193 0.58206 0.35482 0.67799 -0.08488 0.05532 0.00931 
9800.000 225.75088 -545.43348 -22.06405 38.93191 15.40074 1.32855 -0.27689 -1.31270 0.44214 0.65072 -0.17197 -0.08750 -213.09854 174.03511 0.00006 -38.13456 -46.69404 0.00001 0.05171 0.04028 0.33927 0.59133 0.34688 0.67504 -0.06668 0.06154 0.01686 
9900.000 466.65692 -383.92959 -8.65676 26.94606 30.32140 1.92444 -0.14395 -1.35516 0.36516 0.68529 -0.10941 -0.13469 198.65406 -190.35803 -0.00007 41.71106 43.52890 -0.00001 0.06755 0.01387 0.33639 0.59983 0.33376 0.67674 -0.04991 0.04099 0.02258 
10000.000 590.75481 -134.52412 9.07478 10.42537 39.51092 2.07065 -0.07364 -1.39739 0.16086 0.66028 -0.05164 -0.12536 -182.93050 205.51700 0.00009 -45.03209 -40.08303 0.00002 0.07013 -0.01990 0.33484 0.60773 0.32513 0.67652 -0.04175 -0.00588 0.02294 
10100.000 591.79901 150.67718 25.75737 -8.45406 39.96779 1.36646 -0.01956 -1.41131 -0.06323 0.71489 -0.00067 -0.13290 166.01693 -219.40750 -0.00011 48.07553 36.37686 -0.00002 0.06148 -0.05603 0.33321 0.60899 0.33353 0.66759 -0.03488 -0.06209 0.01532 
10200.000 475.00217 396.67563 30.96399 -25.30393 31.34323 0.05805 -0.00190 -1.39722 -0.21264 0.69430 0.01138 -0.07652 -148.01572 231.93468 0.00015 -50.81987 -32.43208 0.00002 0.04123 -0.08400 0.33180 0.60747 0.34897 0.65527 -0.01880 -0.09919 0.00404 
10300.000 258.95856 565.31946 26.20061 -36.18460 16.78341 -0.95561 0.07176 -1.39595 -0.21661 0.71983 0.04463 -0.02134 129.03227 -243.00898 -0.00016 53.24625 28.27257 -0.00002 0.00754 -0.09665 0.33215 0.60865 0.35189 0.65248 0.00586 -0.10542 -0.00543 
10400.000 -16.75979 625.75847 15.28066 -39.31852 -1.51403 -1.78017 0.09968 -1.40486 -0.14611 0.68865 0.03898 0.08186 -109.18570 252.55160 0.00017 -55.33651 -23.92356 0.00003 -0.03408 -0.09582 0.33181 0.61191 0.34236 0.66096 0.02371 -0.08887 -0.01056 
10500.000 -285.75539 556.38363 -2.98933 -34.97769 -18.30053 -2.09982 0.19868 -1.39791 -0.02291 0.67166 0.09476 0.16292 88.59465 -260.49030 -0.00019 57.07576 19.41192 -0.00004 -0.07115 -0.08297 0.32871 0.60720 0.33472 0.67137 0.03760 -0.06377 -0.01009 
10600.000 -491.98229 380.77219 -20.82236 -24.18392 -31.60359 -1.60925 0.24702 -1.38945 0.06864 0.64108 0.11963 0.23020 -67.39194 266.76511 0.00021 -58.44996 -14.76595 0.00004 -0.09639 -0.05808 0.32597 0.60262 0.33044 0.67963 0.04855 -0.03866 -0.00857 
10700.000 -598.47521 121.22579 -28.80972 -7.18558 -40.09440 -0.50479 0.31890 -1.36160 0.19069 0.65012 0.18607 0.22564 45.70641 -271.32400 -0.00023 59.44857 10.01462 -0.00004 -0.10754 -0.02042 0.32556 0.59750 0.33101 0.68152 0.05710 -0.00967 -0.01398 
10800.000 -584.01208 -163.19101 -28.44708 12.16818 -39.24414 0.59219 0.30285 -1.33622 0.34144 0.65029 0.19883 0.20900 -23.68240 274.12773 0.00023 -60.06220 -5.18879 0.00004 -0.10700 0.02310 0.32486 0.59837 0.33605 0.67526 0.06194 0.02848 -0.02802 
10900.000 -447.77493 -399.74768 -20.19358 29.19173 -29.44387 1.72115 0.34003 -1.26861 0.51464 0.64987 0.22758 0.12618 1.45576 -275.14592 -0.00024 60.28501 0.31899 -0.00005 -0.09444 0.05905 0.32473 0.59872 0.35186 0.65940 0.06425 0.06737 -0.04228 
11000.000 -205.50499 -556.08790 -1.91486 39.42521 -13.43300 2.22244 0.37276 -1.20928 0.63141 0.66126 0.24461 0.07388 20.82282 274.36218 0.00026 -60.11281 4.56241 0.00005 -0.06682 0.08201 0.32860 0.59314 0.37168 0.64828 0.06915 0.09592 -0.04742 
11100.000 80.83760 -589.55098 16.68736 40.86626 5.56476 1.78446 0.52154 -1.14183 0.64654 0.62500 0.26909 -0.02991 -43.01303 -271.76956 -0.00027 59.54445 -9.42401 -0.00005 -0.02874 0.09435 0.33280 0.57627 0.38962 0.64833 0.08399 0.10600 -0.03975 
11200.000 343.18584 -472.67927 26.24384 34.46402 24.79174 0.80023 0.62959 -1.14589 0.54670 0.64083 0.30434 -0.09215 64.96077 267.37585 0.00027 -58.58118 14.23275 0.00005 0.01183 0.09450 0.33367 0.56514 0.39207 0.65806 0.10510 0.09136 -0.02110 
11300.000 530.40064 -247.85300 28.51501 18.89352 38.24037 -0.37555 0.72712 -1.15907 0.35122 0.59717 0.32811 -0.15107 -86.52407 -261.19750 -0.00027 57.22709 -18.95692 -0.00006 0.04316 0.08024 0.33307 0.55712 0.38444 0.67074 0.11681 0.05464 0.00020 
11400.000 592.66784 21.50895 20.55313 -1.38016 42.01509 -1.67287 0.73587 -1.19313 0.18584 0.61601 0.35256 -0.15691 107.55149 253.26658 0.00029 -55.48899 23.56396 0.00006 0.06163 0.04865 0.33444 0.54869 0.38106 0.68117 0.11974 0.00753 0.01599 
11500.000 516.61118 298.92386 2.11312 -20.01176 36.28491 -2.16750 0.77191 -1.17810 0.05222 0.56377 0.36159 -0.14897 -127.90460 -243.62335 -0.00030 53.37599 -28.02285 -0.00007 0.06925 0.01168 0.33519 0.53657 0.39260 0.68004 0.12182 -0.02823 0.02374 
11600.000 328.39606 514.72498 -15.37945 -33.09194 22.74676 -1.77001 0.80589 -1.15936 0.02315 0.58444 0.40741 -0.09078 147.43671 232.32531 0.00029 -50.90027 32.30209 0.00007 0.06415 -0.02021 0.33641 0.52557 0.40647 0.67834 0.12737 -0.04107 0.02643 
11700.000 67.36255 609.01681 -26.33648 -39.97466 5.68829 -1.00736 0.87561 -1.10503 0.01442 0.52308 0.41463 -0.01999 -166.01629 -219.43597 -0.00028 48.07597 -36.37218 -0.00007 0.04468 -0.04316 0.33948 0.51266 0.41981 0.67927 0.13296 -0.03850 0.02902 
11800.000 -216.24268 577.18305 -31.45351 -38.35912 -12.78635 0.08548 0.93041 -1.06758 0.03468 0.54193 0.47762 0.06993 183.50551 205.03645 0.00028 -44.92079 40.20377 0.00007 0.01210 -0.05741 0.34147 0.49981 0.43279 0.68148 0.13873 -0.03423 0.02952 
11900.000 -448.10179 432.56001 -24.62572 -28.12424 -28.46520 1.38874 0.97214 -1.02523 0.05311 0.48777 0.46783 0.13258 -199.78490 -189.21189 -0.00029 41.45354 -43.76983 -0.00007 -0.02368 -0.06090 0.34045 0.48627 0.44485 0.68267 0.14172 -0.03120 0.02237 
12000.000 -590.34299 204.34012 -8.21257 -12.79797 -37.61910 1.97091 0.97988 -1.01047 0.15918 0.50634 0.51438 0.14902 214.73000 172.06582 0.00028 -37.69682 47.04402 0.00007 -0.05150 -0.04664 0.33895 0.47388 0.45589 0.68356 0.14560 -0.02068 0.00044 
12100.000 -620.06223 -72.50005 8.55688 5.69567 -39.12339 1.85263 0.96875 -0.97863 0.31521 0.46664 0.49203 0.10940 -228.23589 -153.70450 -0.00026 33.67387 -50.00227 -0.00007 -0.06969 -0.01603 0.33700 0.47050 0.46360 0.67804 0.14602 0.00655 -0.03446 
12200.000 -519.79873 -339.22045 22.84514 22.34649 -32.90276 1.33477 0.95703 -0.89832 0.51896 0.46957 0.53989 0.06614 240.19545 134.25054 0.00025 -29.41168 52.62234 0.00008 -0.07695 0.01963 0.33352 0.47097 0.47529 0.66356 0.13721 0.04035 -0.06705 
12300.000 -320.75697 -527.33155 31.87846 34.45634 -20.43360 0.32167 0.98640 -0.79726 0.61332 0.41805 0.51947 0.00650 -250.52178 -113.82894 -0.00025 24.93753 -54.88389 -0.00008 -0.07130 0.05281 0.33111 0.46348 0.49491 0.65139 0.12601 0.06622 -0.08127 
12400.000 -53.07901 -601.90002 27.51790 41.06585 -2.64813 -1.07437 1.07989 -0.69554 0.58734 0.41019 0.58642 -0.07318 259.12891 92.57863 0.00025 -20.28190 56.76939 0.00007 -0.05064 0.07944 0.33077 0.44290 0.51535 0.65267 0.12500 0.07204 -0.07121 
12500.000 229.21305 -553.88291 13.25983 38.02223 16.84081 -1.87534 1.15783 -0.68460 0.43262 0.37862 0.55977 -0.12810 -265.95053 -70.64104 -0.00023 15.47569 -58.26303 -0.00007 -0.01467 0.09760 0.33137 0.42590 0.52192 0.66493 0.13406 0.05875 -0.04101 
12600.000 450.20517 -387.77238 -2.63916 25.75863 33.05631 -2.05074 1.20962 -0.68438 0.27588 0.38035 0.58790 -0.22398 270.92450 48.16710 0.00021 -10.55209 59.35263 0.00007 0.02592 0.10550 0.32961 0.41680 0.52022 0.67727 0.13907 0.03461 -0.00778 
12700.000 574.55952 -123.52890 -19.27668 8.06905 41.22673 -1.64539 1.21513 -0.71078 0.15154 0.35776 0.55507 -0.22839 -274.00840 -25.30989 -0.00020 5.54467 -60.02755 -0.00007 0.05993 0.09518 0.32793 0.41158 0.52038 0.68279 0.13736 0.01046 0.01643 
12800.000 569.16976 165.91946 -30.37629 -11.01305 39.89616 -0.50675 1.23842 -0.67680 0.05442 0.33129 0.58663 -0.22889 275.16641 2.22978 0.00020 -0.48848 60.28113 0.00007 0.08714 0.06666 0.32637 0.40840 0.52350 0.67961 0.13133 -0.00862 0.03760 
12900.000 420.09958 408.06802 -26.52878 -28.97142 30.87986 0.91512 1.24168 -0.66336 -0.07038 0.30828 0.58544 -0.14526 -274.38204 20.91180 -0.00019 -4.58107 -60.10842 -0.00006 0.10621 0.02725 0.32457 0.41083 0.52951 0.66966 0.12558 -0.02219 0.06336 
13000.000 173.34094 563.39660 -14.21064 -40.07491 13.75643 1.76418 1.26672 -0.58456 -0.19894 0.28052 0.64311 -0.07213 271.64627 -43.94909 0.00016 9.62784 59.50891 0.00006 0.11208 -0.01120 0.32353 0.41591 0.53945 0.65377 0.11629 -0.03287 0.09010 
13100.000 -102.62381 590.63298 1.34799 -41.04171 -6.67233 2.09512 1.26534 -0.56836 -0.26486 0.28810 0.63189 0.02074 -266.97000 66.71871 -0.00015 -14.61578 -58.48374 -0.00006 0.09702 -0.04467 0.32705 0.41435 0.55047 0.64650 0.10682 -0.04233 0.10281 
13200.000 -366.15076 480.08502 19.50823 -33.09386 -24.15947 1.73453 1.28961 -0.53335 -0.23213 0.28187 0.65964 0.07899 260.37229 -89.05522 0.00015 19.50890 57.03843 0.00006 0.06747 -0.07308 0.33130 0.39806 0.56369 0.65090 0.09653 -0.05057 0.09552 
13300.000 -555.05329 268.18339 30.99145 -18.40204 -35.28405 0.58945 1.29452 -0.56660 -0.11674 0.29263 0.63326 0.14387 -251.89305 110.79561 -0.00013 -24.27113 -55.18018 -0.00005 0.03340 -0.09085 0.33338 0.37598 0.57703 0.66259 0.09770 -0.05085 0.06545 
13400.000 -619.16348 2.41118 28.86595 -1.24064 -39.92596 -0.59571 1.30121 -0.54577 0.08512 0.25488 0.63457 0.15733 241.57896 -131.77924 0.00011 28.86770 52.92064 0.00005 -0.00045 -0.09286 0.33354 0.36286 0.57797 0.67300 0.10276 -0.03740 0.02079 
13500.000 -557.53238 -273.21009 19.57485 16.62335 -36.49475 -1.45092 1.28127 -0.52512 0.27684 0.22576 0.63115 0.17312 -229.49790 151.84883 -0.00009 -33.26381 -50.27343 -0.00005 -0.03151 -0.07678 0.33433 0.36107 0.57172 0.67933 0.10273 -0.01303 -0.02295 
13600.000 -384.72072 -491.16817 4.46585 31.41234 -24.66146 -2.04686 1.28428 -0.40874 0.41167 0.16888 0.65998 0.12367 215.72318 -170.85443 0.00009 37.42698 47.25590 0.00004 -0.05729 -0.04658 0.33518 0.36105 0.57226 0.67650 0.09164 0.01131 -0.05130 
13700.000 -142.56783 -607.94713 -14.52192 38.87318 -8.41986 -1.88988 1.29299 -0.35677 0.43913 0.16365 0.68202 0.07811 -200.35029 188.64931 -0.00008 -41.32470 -43.88775 -0.00004 -0.06904 -0.01377 0.33542 0.35615 0.57973 0.67403 0.08193 0.02116 -0.05777 
13800.000 129.80454 -606.97487 -27.73622 38.56647 9.90752 -0.88755 1.32465 -0.28286 0.39483 0.14919 0.69180 -0.01462 183.47819 -205.09763 0.00006 44.92756 40.19174 0.00003 -0.06139 0.01656 0.33737 0.34703 0.58540 0.67710 0.07246 0.01666 -0.04884 
13900.000 387.02579 -476.80692 -29.75544 30.59532 26.07041 0.19841 1.34530 -0.26749 0.35055 0.15457 0.69941 -0.06800 -165.22679 220.06890 -0.00004 -48.20668 -36.19326 -0.00003 -0.03908 0.04234 0.34051 0.33783 0.59290 0.68245 0.06477 0.00924 -0.03737 
14000.000 556.15293 -253.39110 -24.63744 16.34510 36.98759 1.17381 1.36593 -0.20197 0.30207 0.12779 0.66885 -0.13222 145.71854 -233.44565 0.00003 51.13654 31.91991 0.00002 -0.01040 0.06053 0.34136 0.33178 0.59748 0.68496 0.05634 0.00822 -0.02541 
14100.000 597.17929 22.54011 -10.39296 -2.53213 41.53720 2.08339 1.38933 -0.15443 0.22296 0.10000 0.68472 -0.13339 -125.09572 245.11800 -0.00004 -53.69286 -27.40206 -0.00002 0.01982 0.06458 0.34018 0.32653 0.60262 0.68576 0.04899 0.01237 -0.00433 
14200.000 513.36343 296.30855 9.52761 -21.76931 35.99275 2.09615 1.40779 -0.08548 0.05736 0.04554 0.67692 -0.09885 103.50137 -254.99002 0.00003 55.85493 22.67176 0.00001 0.04962 0.04842 0.33836 0.32821 0.60530 0.67898 0.04359 0.01326 0.03395 
14300.000 320.77682 495.00184 23.54483 -36.33725 21.44395 1.14872 1.40597 -0.07589 -0.12113 0.03893 0.71119 -0.03734 -81.09519 262.97693 -0.00000 -57.60399 -17.76343 -0.00000 0.07590 0.01884 0.33436 0.34114 0.60504 0.66473 0.03759 0.00514 0.07891 
14400.000 39.78426 583.69784 28.43780 -42.10078 2.61486 0.07354 1.39172 -0.03305 -0.22260 0.01949 0.69788 0.02343 58.03600 -269.00858 -0.00001 58.92492 12.71251 -0.00000 0.08614 -0.01404 0.33078 0.35299 0.60333 0.65236 0.02141 -0.00633 0.10256 
14500.000 -249.87361 538.38276 25.42816 -38.07100 -16.23757 -1.07537 1.40244 -0.03349 -0.16835 0.02509 0.71210 0.09674 -34.49862 273.02840 0.00000 -59.80492 -7.55663 0.00001 0.07818 -0.04802 0.33084 0.34511 0.60989 0.65561 0.00488 -0.01826 0.09350 
14600.000 -468.10216 360.09254 10.52909 -26.49546 -32.60483 -2.08132 1.41269 -0.02567 -0.01253 0.01279 0.67573 0.14388 10.65382 -274.99447 0.00000 60.23507 2.33373 -0.00002 0.05482 -0.07922 0.33190 0.32753 0.61757 0.66783 -0.00109 -0.02562 0.05611 
14700.000 -587.26818 98.44330 -8.98999 -8.39686 -41.08763 -2.08835 1.40409 -0.02535 0.17593 -0.01554 0.67411 0.21306 13.31376 274.88006 0.00001 -60.20949 2.91633 0.00002 0.02352 -0.10383 0.33018 0.31847 0.61867 0.67744 0.00080 -0.02574 0.01045 
14800.000 -579.90091 -176.63515 -22.66675 11.42465 -39.48404 -1.29117 1.37691 0.02968 0.31601 -0.06365 0.64669 0.22274 -37.22829 -272.67394 -0.00002 59.72585 -8.15438 -0.00003 -0.01085 -0.11083 0.32818 0.32035 0.61331 0.68025 -0.00098 -0.01889 -0.02648 
14900.000 -439.63432 -423.46431 -29.86045 27.53691 -29.73190 -0.32459 1.35012 0.07346 0.41824 -0.09735 0.68142 0.20158 60.90137 268.38154 0.00002 -58.78531 13.33971 0.00003 -0.04826 -0.09783 0.32743 0.32645 0.60993 0.67668 -0.00649 -0.01295 -0.05359 
15000.000 -204.77258 -586.93041 -28.92396 36.91544 -13.97484 0.89841 1.31253 0.11012 0.50523 -0.10421 0.67977 0.12834 -84.15468 -262.02383 -0.00001 57.39227 -18.43272 -0.00004 -0.08299 -0.07240 0.32497 0.33678 0.60690 0.66613 -0.01186 -0.01456 -0.07624 
15100.000 64.22350 -621.17347 -15.20050 39.46695 3.30220 1.84414 1.27015 0.13814 0.59982 -0.10026 0.70723 0.04905 106.80186 253.63861 0.00001 -55.55521 23.39318 0.00005 -0.10514 -0.04055 0.32355 0.34945 0.60664 0.65341 -0.01928 -0.02093 -0.09687 
15200.000 324.32510 -532.79518 3.08905 34.38987 20.23250 2.00652 1.23827 0.19821 0.64668 -0.09192 0.68468 -0.03502 -128.66865 -243.27857 -0.00001 53.28556 -28.18237 -0.00005 -0.10932 -0.00449 0.32559 0.36002 0.60419 0.64651 -0.02943 -0.02192 -0.10919 
15300.000 523.41871 -335.00251 18.04444 21.22820 34.01651 1.55404 1.23797 0.29909 0.60993 -0.11386 0.68336 -0.10847 149.57747 231.01361 0.00001 -50.59881 32.76195 0.00005 -0.09585 0.03453 0.32954 0.35947 0.59976 0.65276 -0.04529 -0.01147 -0.10383 
15400.000 615.88975 -75.64293 28.99852 3.85626 39.84211 0.72621 1.27800 0.39661 0.45542 -0.14886 0.65619 -0.15623 -169.36301 -216.92806 0.00001 47.51325 -37.09517 -0.00006 -0.07222 0.06750 0.33187 0.34713 0.60224 0.66436 -0.06060 0.00706 -0.07562 
15500.000 584.90452 193.24629 31.51767 -14.39952 37.44939 -0.60453 1.32522 0.43039 0.25630 -0.18381 0.66943 -0.18049 187.86131 201.12271 -0.00001 -44.05113 41.14667 0.00007 -0.04257 0.08467 0.33382 0.33358 0.60703 0.67424 -0.06355 0.02212 -0.02936 
15600.000 426.29024 432.62469 20.10169 -29.68018 27.76361 -1.65775 1.34727 0.42526 0.07335 -0.19591 0.65789 -0.16796 -204.92307 -183.71054 0.00001 40.23715 -44.88319 -0.00007 -0.00880 0.08448 0.33512 0.33346 0.60167 0.67790 -0.06102 0.02702 0.01981 
15700.000 181.83198 576.74172 3.35247 -39.10592 11.96002 -2.01858 1.34639 0.42600 -0.03090 -0.21270 0.66785 -0.13340 220.40319 164.82141 -0.00002 -36.09973 48.27346 0.00007 0.02560 0.07084 0.33525 0.34487 0.59120 0.67474 -0.06541 0.02210 0.05478 
15800.000 -99.64101 582.31290 -12.56114 -41.35947 -7.96533 -1.87273 1.33574 0.44758 -0.06023 -0.22116 0.65485 -0.07235 -234.17296 -144.59495 0.00003 31.66938 -51.28875 -0.00007 0.05426 0.04800 0.33467 0.35476 0.58374 0.67111 -0.07516 0.01624 0.06622 
15900.000 -362.97283 461.01290 -26.42155 -33.03142 -26.70732 -1.04980 1.31557 0.50678 -0.00838 -0.25003 0.64587 0.00908 246.11051 123.18647 -0.00005 -26.98020 53.90309 0.00008 0.06493 0.01833 0.33607 0.35813 0.57634 0.67539 -0.08636 0.01341 0.05521 
16000.000 -536.01722 243.84140 -30.20758 -16.33659 -38.89483 0.46807 1.28972 0.56810 0.07376 -0.28327 0.62426 0.09193 -256.11365 -100.75708 0.00005 22.06755 -56.09343 -0.00008 0.05661 -0.01839 0.33939 0.35978 0.56949 0.68218 -0.09643 0.00996 0.03366 
16100.000 -584.90531 -44.16564 -20.14380 2.84740 -41.96587 1.54533 1.27045 0.60916 0.14166 -0.31652 0.62397 0.13635 264.08911 77.48248 -0.00005 -16.96993 57.84004 0.00009 0.03824 -0.04888 0.34124 0.36363 0.56451 0.68641 -0.10500 0.00368 0.01723 
16200.000 -500.53874 -324.77003 -4.88833 20.90532 -35.57978 1.99934 1.25121 0.62834 0.21686 -0.33187 0.61746 0.13293 -269.96441 -53.54314 0.00007 11.72679 -59.12613 -0.00009 0.01234 -0.06397 0.34108 0.36992 0.55852 0.68653 -0.11160 -0.00943 0.00156 
16300.000 -296.53719 -517.88924 11.98533 35.45378 -21.77267 1.98185 1.22008 0.62945 0.34223 -0.34193 0.62148 0.08696 273.67807 29.13017 -0.00009 -6.37990 59.93915 0.00009 -0.01995 -0.06271 0.33930 0.37842 0.55448 0.68026 -0.11485 -0.02872 -0.02398 
16400.000 -21.73491 -601.47249 27.26168 41.36500 -2.93522 1.17587 1.15439 0.64300 0.49733 -0.34513 0.60857 0.02093 -275.19011 -4.43705 0.00010 0.97175 -60.26963 -0.00009 -0.05468 -0.05013 0.33552 0.39348 0.55048 0.66713 -0.11289 -0.04663 -0.05890 
16500.000 248.02624 -560.90428 31.24256 37.37236 15.87425 -0.23380 1.06922 0.70204 0.59236 -0.36119 0.58675 -0.04226 274.47429 -20.33707 -0.00009 4.45409 60.11265 0.00009 -0.08061 -0.02787 0.33199 0.41486 0.53914 0.65592 -0.11317 -0.05142 -0.08399 
16600.000 472.01119 -398.02812 23.42066 26.28986 30.21577 -1.23382 1.02109 0.81188 0.53235 -0.38806 0.55828 -0.10942 -271.52607 44.99184 0.00011 -9.85358 -59.46639 -0.00009 -0.08998 0.00566 0.33087 0.42725 0.52419 0.65804 -0.12454 -0.03545 -0.08228 
16700.000 607.97207 -145.20713 10.36118 9.78594 38.01047 -1.84312 1.04157 0.88933 0.34856 -0.41546 0.54742 -0.16702 266.35583 -69.32382 -0.00013 15.18242 58.33379 0.00009 -0.08417 0.04523 0.33109 0.42265 0.52001 0.66930 -0.13842 -0.00495 -0.05344 
16800.000 612.42683 130.62403 -7.20502 -7.91647 38.70166 -2.02821 1.07252 0.91167 0.14413 -0.42704 0.53211 -0.20976 -258.99521 93.13280 0.00015 -20.39650 -56.72114 -0.00009 -0.06616 0.08031 0.33030 0.41518 0.52203 0.67617 -0.14031 0.02461 -0.01132 
16900.000 498.19175 375.33016 -24.18342 -23.97533 31.90816 -1.44817 1.08984 0.90510 0.00444 -0.43550 0.52579 -0.22050 249.49138 -116.21874 -0.00015 25.45234 54.63952 0.00009 -0.03909 0.10276 0.32874 0.41868 0.51911 0.67657 -0.13608 0.04154 0.02584 
17000.000 281.96298 548.89706 -30.69885 -36.33735 17.65852 -0.19178 1.07693 0.91361 -0.07693 -0.44484 0.51083 -0.18624 -237.91258 138.38866 0.00014 -30.30726 -52.10312 -0.00009 -0.00214 0.10879 0.32849 0.43011 0.51166 0.67191 -0.13288 0.04920 0.04956 
17100.000 8.65614 614.72518 -27.04082 -40.37989 -0.66219 0.87759 1.05102 0.93218 -0.13997 -0.46087 0.50815 -0.10734 224.34216 -159.45178 -0.00016 34.92002 49.13099 0.00008 0.04039 0.10153 0.32671 0.44242 0.50556 0.66388 -0.13012 0.05832 0.06342 
17200.000 -258.13730 553.44633 -17.19260 -35.68949 -18.94849 1.77553 0.99386 0.97672 -0.21166 -0.48073 0.48921 -0.01035 -208.88368 179.22867 0.00017 -39.25075 -45.74505 -0.00008 0.07577 0.08367 0.32370 0.45720 0.49897 0.65377 -0.12687 0.07120 0.07169 
17300.000 -476.32357 364.84365 0.98722 -24.16695 -33.29262 2.18705 0.95715 1.00853 -0.23866 -0.49902 0.49165 0.08091 191.65388 -197.54604 -0.00018 43.26208 41.97172 0.00008 0.09610 0.05361 0.32429 0.47087 0.48927 0.64930 -0.12583 0.07654 0.07554 
17400.000 -588.95760 101.84388 19.61146 -6.99887 -40.86627 1.70202 0.94414 1.03379 -0.18799 -0.50126 0.48015 0.14017 -172.79020 214.24368 0.00018 -46.91821 -37.84014 -0.00008 0.10253 0.01425 0.32822 0.48165 0.47312 0.65621 -0.13018 0.06416 0.07416 
17500.000 -558.49915 -176.39243 27.68464 13.37462 -40.36998 0.52369 0.97121 1.02961 -0.04088 -0.50295 0.47832 0.18699 152.43988 -229.17115 -0.00017 50.18700 33.38341 0.00007 0.09708 -0.02745 0.33103 0.48685 0.45902 0.66775 -0.14255 0.03072 0.05987 
17600.000 -401.95633 -423.43781 27.01812 31.00969 -29.27849 -0.65750 0.97903 1.01063 0.15605 -0.50136 0.45777 0.18441 -130.76991 242.19338 0.00019 -53.03824 -28.63737 -0.00007 0.07970 -0.05856 0.33279 0.48226 0.45865 0.67417 -0.15137 -0.00959 0.03050 
17700.000 -160.49711 -569.47313 18.15717 40.45986 -10.72716 -1.79142 0.93968 0.99533 0.35770 -0.52332 0.43735 0.16537 107.95250 -253.18973 -0.00018 55.44618 23.64056 0.00007 0.04685 -0.07411 0.33506 0.47773 0.46098 0.67563 -0.14712 -0.04295 -0.00815 
17800.000 129.60004 -576.70416 -0.71926 40.88375 8.41221 -2.22991 0.83909 1.02715 0.47840 -0.54635 0.39721 0.11069 -84.17923 262.05644 0.00018 -57.38735 -18.43422 -0.00006 0.00857 -0.07701 0.33514 0.48620 0.45409 0.67074 -0.13642 -0.05768 -0.03977 
17900.000 391.88211 -455.61597 -18.83133 32.51280 25.15696 -1.74606 0.76993 1.07704 0.48742 -0.58253 0.39574 0.04834 59.64450 -268.70587 -0.00017 58.84315 13.06147 0.00006 -0.02534 -0.06837 0.33447 0.49947 0.44145 0.66856 -0.13271 -0.05462 -0.05026 
18000.000 556.60885 -233.71681 -27.63016 17.16587 37.41610 -0.72360 0.72969 1.13379 0.41450 -0.58714 0.38427 -0.02327 -34.55819 273.06980 0.00017 -59.79811 -7.56767 -0.00005 -0.04751 -0.04801 0.33605 0.50817 0.42689 0.67440 -0.13299 -0.04140 -0.04074 
18100.000 606.22749 49.79632 -29.46127 -2.09096 40.94150 0.39661 0.72234 1.16976 0.32799 -0.59744 0.39101 -0.08783 9.12892 -275.09737 -0.00017 60.24185 1.99911 0.00005 -0.05822 -0.01485 0.33907 0.51484 0.41425 0.68217 -0.13360 -0.02444 -0.02279 
18200.000 533.13131 316.15638 -21.69392 -20.12945 34.71551 1.58520 0.69950 1.20477 0.24421 -0.58222 0.36495 -0.13822 16.42247 274.76012 0.00015 -60.16741 3.59632 -0.00005 -0.05859 0.02193 0.34020 0.52250 0.40494 0.68599 -0.13251 -0.00801 -0.00979 
18300.000 350.57326 515.82739 -3.89289 -32.62078 22.50712 2.08217 0.66407 1.23826 0.16955 -0.60346 0.34030 -0.12980 -41.87946 -272.04680 -0.00014 59.57300 -9.17074 0.00004 -0.04342 0.04950 0.34052 0.53032 0.39796 0.68646 -0.12995 0.01110 -0.00232 
18400.000 89.56915 619.94474 13.98973 -38.73849 5.85585 1.77525 0.61368 1.27194 0.04719 -0.61041 0.30062 -0.07679 67.01583 266.97037 0.00013 -58.46075 14.67511 -0.00003 -0.01300 0.06456 0.34013 0.53796 0.39494 0.68103 -0.12528 0.03854 0.00721 
18500.000 -191.06803 593.79420 25.56070 -37.74745 -12.22053 1.04981 0.57983 1.28660 -0.08381 -0.64611 0.29340 -0.00301 -91.61594 -259.56009 -0.00013 56.83778 -20.06173 0.00003 0.02359 0.06725 0.33707 0.54566 0.39638 0.67008 -0.11675 0.06748 0.02295 
18600.000 -424.60788 452.61975 31.50795 -29.02916 -27.72652 0.04676 0.54632 1.29021 -0.16554 -0.63901 0.28007 0.06296 115.45653 249.87113 0.00012 -54.71556 25.28220 -0.00003 0.05589 0.05862 0.33347 0.55552 0.39398 0.66029 -0.10347 0.08234 0.03913 
18700.000 -570.75286 220.69927 26.35156 -13.48037 -38.47930 -1.30230 0.54202 1.29860 -0.11794 -0.64925 0.28142 0.12043 -138.32999 -237.97350 -0.00008 52.10994 -30.29053 0.00002 0.07896 0.03635 0.33150 0.56932 0.37891 0.66150 -0.09612 0.06941 0.04689 
18800.000 -605.23179 -60.29813 10.09897 5.42126 -40.42520 -2.01843 0.55473 1.29713 0.04718 -0.62573 0.25961 0.16333 160.02372 223.96357 0.00006 -49.04169 35.04083 -0.00002 0.09197 0.00042 0.33093 0.57618 0.36442 0.66999 -0.10145 0.02790 0.03982 
18900.000 -513.38823 -320.42629 -6.98026 23.22437 -33.36540 -1.93462 0.55683 1.27114 0.26732 -0.63276 0.23088 0.20343 -180.34609 -207.95032 -0.00005 45.53499 -39.49043 0.00001 0.09409 -0.03987 0.33000 0.57316 0.36473 0.67486 -0.10789 -0.02233 0.02011 
19000.000 -295.00560 -513.70276 -21.23893 36.54846 -20.02188 -1.41366 0.50370 1.24913 0.43052 -0.62989 0.18463 0.20047 199.10425 190.06868 0.00004 -41.61915 43.59778 -0.00001 0.08046 -0.07374 0.32950 0.57016 0.37125 0.67337 -0.10362 -0.05938 -0.00360 
19100.000 -13.50242 -590.87014 -30.30279 42.04002 -1.39165 -0.33713 0.43505 1.24423 0.51610 -0.67390 0.16896 0.16280 -216.12814 -170.46493 -0.00002 37.32625 -47.32481 0.00001 0.05061 -0.09603 0.32899 0.57289 0.37300 0.66827 -0.09365 -0.07690 -0.02076 
19200.000 255.93639 -525.30322 -25.94516 38.27407 18.89314 1.17465 0.37540 1.24323 0.55641 -0.67716 0.17195 0.08031 231.25150 149.30847 -0.00002 -32.69336 50.63615 0.00000 0.00864 -0.10827 0.32712 0.57727 0.37312 0.66132 -0.08390 -0.08693 -0.02803 
19300.000 477.12381 -338.84963 -11.16172 24.79112 34.49718 1.97419 0.32999 1.23278 0.60438 -0.69021 0.18899 -0.00684 -244.33327 -126.77733 0.00004 27.75960 -53.50002 -0.00001 -0.03146 -0.10929 0.32330 0.58271 0.37342 0.65386 -0.07397 -0.09787 -0.02729 
19400.000 591.45191 -78.71835 5.30376 5.34353 40.99273 2.01109 0.27665 1.24173 0.60821 -0.66332 0.19134 -0.08763 255.24161 103.06953 -0.00006 -22.56828 55.88847 0.00001 -0.06313 -0.09080 0.32388 0.58850 0.36859 0.65235 -0.06443 -0.10001 -0.02544 
19500.000 558.33684 210.14245 21.26156 -13.57114 39.07747 1.56266 0.21109 1.28211 0.55144 -0.66160 0.17168 -0.15233 -263.87062 -78.38973 0.00008 17.16430 -57.77719 -0.00001 -0.08711 -0.05737 0.32770 0.59512 0.35564 0.66029 -0.05675 -0.08637 -0.02889 
19600.000 402.06074 453.28746 31.43656 -29.07334 28.81281 0.47158 0.15444 1.34633 0.39845 -0.64897 0.12788 -0.18381 270.12659 52.96035 -0.00011 -11.59614 59.14676 0.00001 -0.10039 -0.01909 0.33066 0.60483 0.33863 0.66997 -0.05466 -0.05168 -0.03395 
19700.000 168.06942 588.15435 27.68139 -38.73135 12.42405 -0.91870 0.14233 1.39535 0.19509 -0.67824 0.09615 -0.19646 -273.94359 -27.00486 0.00015 5.91294 -59.98173 -0.00001 -0.09869 0.01572 0.33211 0.60970 0.33064 0.67425 -0.06021 -0.00303 -0.03027 
19800.000 -112.15191 604.68209 14.87705 -39.96693 -6.52276 -1.70916 0.16318 1.40579 0.00642 -0.68176 0.08151 -0.16610 275.27089 0.76029 -0.00016 -0.16639 60.27228 0.00002 -0.07929 0.04469 0.33402 0.60361 0.33670 0.67340 -0.06239 0.04462 -0.01575 
19900.000 -373.25719 499.65960 -0.64894 -31.84804 -23.87694 -1.98620 0.17155 1.39954 -0.10470 -0.70258 0.07854 -0.11714 -274.08690 25.53834 0.00018 -5.59171 -60.01224 -0.00002 -0.04621 0.06710 0.33493 0.59857 0.34510 0.66813 -0.05126 0.07611 0.00426 
20000.000 -552.89510 294.26663 -17.97272 -18.42698 -34.87040 -1.72866 0.15780 1.39793 -0.11476 -0.69310 0.07619 -0.05193 270.38623 -51.64672 -0.00021 11.30825 59.20191 0.00001 -0.01065 0.07612 0.33441 0.60173 0.34300 0.66581 -0.03733 0.07923 0.01652 
20100.000 -625.01417 29.12955 -30.68471 -1.77609 -39.23668 -0.75779 0.11659 1.40453 -0.02627 -0.69345 0.05640 0.02673 -264.19330 77.32563 0.00024 -16.93046 -57.84514 -0.00002 0.02047 0.06729 0.33512 0.60414 0.33273 0.67247 -0.02810 0.05996 0.01626 
20200.000 -567.71263 -247.11257 -29.95251 16.31015 -36.54207 0.52650 0.05663 1.40607 0.08514 -0.67865 0.02100 0.08896 255.54898 -102.33433 -0.00026 22.40608 55.95243 0.00002 0.04343 0.04257 0.33820 0.60532 0.32355 0.68162 -0.02113 0.03219 0.00879 
20300.000 -400.51773 -467.46009 -20.90110 31.20052 -25.82249 1.42074 0.00805 1.40377 0.16970 -0.69613 -0.01419 0.13139 -244.52463 126.43814 0.00028 -27.68322 -53.53784 -0.00002 0.05846 0.01100 0.34011 0.60745 0.31931 0.68589 -0.01420 0.00985 0.00386 
20400.000 -153.02807 -586.21814 -6.83784 40.27551 -8.69481 2.05956 -0.02040 1.39526 0.23753 -0.69677 -0.03299 0.12904 231.20672 -149.40786 -0.00030 32.71227 50.62184 0.00001 0.06083 -0.01939 0.34064 0.60908 0.31857 0.68630 -0.00689 -0.00837 0.00627 
20500.000 134.39392 -585.06365 12.31005 39.86733 10.63939 1.98765 -0.03607 1.37519 0.33758 -0.71346 -0.03821 0.08293 -215.71176 171.02280 0.00033 -37.44442 -47.22864 -0.00001 0.04408 -0.04636 0.34099 0.61075 0.32127 0.68245 0.00012 -0.03326 0.01189 
20600.000 384.03829 -460.93060 26.91645 30.42947 27.25728 0.98933 -0.07027 1.33407 0.46447 -0.70243 -0.03710 0.00906 198.16931 -191.07476 -0.00035 41.83454 43.38786 0.00001 0.01342 -0.06858 0.33827 0.61005 0.33105 0.67242 0.00688 -0.06617 0.01338 
20700.000 544.29824 -219.91901 28.64939 15.45300 39.15136 -0.22951 -0.14871 1.29069 0.54870 -0.69172 -0.05124 -0.06267 -178.73839 209.36655 0.00036 -45.83886 -39.13307 -0.00001 -0.02152 -0.07681 0.33355 0.60508 0.34278 0.66239 0.01841 -0.08752 0.00750 
20800.000 582.41745 72.61788 22.11141 -4.38964 42.25784 -1.28018 -0.25420 1.29427 0.49491 -0.66671 -0.08433 -0.12105 157.58854 -225.71705 -0.00037 49.41832 34.50242 0.00001 -0.05310 -0.06672 0.33164 0.60437 0.34147 0.66356 0.03375 -0.07988 -0.00557 
20900.000 482.72599 333.27059 8.01281 -24.18271 35.01566 -2.13950 -0.31430 1.34087 0.30945 -0.67294 -0.12176 -0.16494 -134.91553 239.96089 0.00040 -52.53632 -29.53791 -0.00001 -0.07995 -0.03930 0.33167 0.61093 0.32805 0.67157 0.04027 -0.03921 -0.02093 
21000.000 267.71266 525.17787 -11.75736 -37.26500 19.54589 -2.07960 -0.31527 1.37583 0.08856 -0.66668 -0.14233 -0.19602 110.92185 -251.95266 -0.00041 55.16159 24.28484 0.00000 -0.09946 -0.00547 0.33094 0.61507 0.32355 0.67404 0.03531 0.01424 -0.02957 
21100.000 -3.46337 602.77582 -26.08900 -40.75272 0.30757 -1.08030 -0.29263 1.38516 -0.06411 -0.67435 -0.15306 -0.19829 -85.83425 261.56684 0.00041 -57.26598 -18.79195 -0.00000 -0.10278 0.02927 0.33027 0.61097 0.33259 0.67135 0.03281 0.05849 -0.02746 
21200.000 -280.19676 534.37678 -29.24883 -36.83443 -17.85258 0.00710 -0.29169 1.37737 -0.14395 -0.66885 -0.15694 -0.15871 59.88162 -268.69967 -0.00041 58.82722 13.11017 -0.00000 -0.08682 0.06314 0.32947 0.60413 0.34497 0.66521 0.03875 0.08336 -0.02044 
21300.000 -503.40967 346.39017 -25.05058 -24.79157 -32.29404 1.05861 -0.31092 1.36651 -0.17695 -0.67633 -0.16179 -0.07661 -33.31516 273.26989 0.00042 -59.82717 -7.29364 0.00001 -0.05585 0.09314 0.32703 0.59919 0.35381 0.65916 0.04624 0.09386 -0.01757 
21400.000 -611.08578 97.74275 -11.55155 -7.33739 -39.57343 1.97730 -0.36652 1.34544 -0.20329 -0.66074 -0.17565 0.02223 6.38045 -275.22041 -0.00044 60.25382 1.39695 -0.00001 -0.02027 0.11167 0.32383 0.59415 0.36138 0.65447 0.05382 0.09844 -0.02203 
21500.000 -596.47904 -173.15484 7.95878 10.87359 -38.53101 2.04713 -0.41669 1.33231 -0.20382 -0.66656 -0.19146 0.10950 20.65764 274.51956 0.00044 -60.09994 4.52265 0.00001 0.01566 0.11108 0.32382 0.58978 0.36569 0.65427 0.06275 0.09776 -0.02513 
21600.000 -463.13167 -419.37076 22.95965 27.03842 -28.97024 1.27643 -0.44085 1.33346 -0.14362 -0.65544 -0.19982 0.16881 -47.54469 -271.16051 -0.00042 59.36410 -10.40871 -0.00001 0.05229 0.09227 0.32663 0.58528 0.36342 0.66144 0.07342 0.08652 -0.01617 
21700.000 -234.46397 -579.39591 29.72514 36.75950 -14.45356 0.37068 -0.42060 1.35066 -0.00526 -0.65592 -0.20552 0.20295 74.01163 265.16306 0.00041 -58.05071 16.20307 0.00002 0.08246 0.06360 0.32905 0.58708 0.35464 0.67060 0.08461 0.05899 0.00462 
21800.000 37.23245 -621.76526 29.78933 39.48774 2.56491 -0.69132 -0.39320 1.34706 0.18627 -0.64343 -0.21476 0.19497 -99.80474 -256.57174 -0.00041 56.16941 -21.84946 -0.00002 0.09730 0.03047 0.33143 0.59466 0.34569 0.67425 0.08708 0.01459 0.02580 
21900.000 303.48471 -532.66483 17.80739 34.83509 20.64366 -1.81760 -0.38449 1.30753 0.38026 -0.63982 -0.23693 0.17005 124.66264 245.45850 0.00042 -53.73612 27.29138 0.00002 0.09322 -0.00363 0.33379 0.59482 0.34728 0.67245 0.08089 -0.03313 0.03702 
22000.000 504.94018 -340.29871 -1.16460 22.03215 34.52527 -2.10826 -0.45086 1.23754 0.50749 -0.62229 -0.27037 0.11104 -148.34155 -231.91910 -0.00040 50.77154 -32.47474 -0.00002 0.07439 -0.03627 0.33523 0.58326 0.36152 0.66766 0.08043 -0.06879 0.03510 
22100.000 594.07931 -82.14780 -16.64576 3.57495 41.44303 -1.60249 -0.53572 1.19635 0.52550 -0.63328 -0.30181 0.04636 170.59768 216.07564 0.00038 -47.30277 37.34697 0.00003 0.04784 -0.06226 0.33453 0.57300 0.37342 0.66471 0.08951 -0.08027 0.02577 
22200.000 554.67591 208.19043 -27.06401 -15.78296 38.61755 -0.73348 -0.60832 1.19106 0.44788 -0.62939 -0.31095 -0.02752 -191.20844 -198.07180 -0.00036 43.36110 -41.85860 -0.00003 0.01709 -0.07185 0.33411 0.56448 0.37453 0.67002 0.09949 -0.06580 0.01619 
22300.000 393.52331 447.07530 -30.01484 -31.05201 26.95047 0.52762 -0.64347 1.21072 0.33704 -0.63418 -0.31414 -0.09209 209.95780 178.07664 0.00036 -38.98366 45.96301 0.00003 -0.01724 -0.06250 0.33681 0.55739 0.37221 0.68021 0.10766 -0.03662 0.00802 
22400.000 136.23462 569.14828 -18.61883 -41.10324 10.07100 1.76395 -0.67278 1.22147 0.23279 -0.61524 -0.31517 -0.13535 -226.65353 -156.27810 -0.00034 34.21131 -49.61728 -0.00003 -0.04730 -0.03918 0.33986 0.55325 0.37374 0.68588 0.11365 -0.00950 -0.00013 
22500.000 -153.75711 565.78851 -0.60176 -41.35524 -10.20382 2.14479 -0.70630 1.21546 0.16342 -0.60605 -0.33608 -0.12907 241.11489 132.88667 0.00032 -29.09038 52.78283 0.00003 -0.06273 -0.01181 0.34095 0.54905 0.37896 0.68667 0.11820 0.00677 -0.00972 
22600.000 -400.47380 435.28906 15.10844 -31.08119 -28.50753 1.75444 -0.75463 1.19287 0.07618 -0.58221 -0.36215 -0.07783 -253.18962 -108.12642 -0.00029 23.66983 -55.42548 -0.00003 -0.05786 0.01937 0.34136 0.54460 0.38634 0.68332 0.12085 0.02261 -0.02346 
22700.000 -563.05115 192.56079 27.49231 -14.18101 -39.09039 0.90926 -0.78649 1.17415 -0.04325 -0.58591 -0.39024 0.00024 262.74143 82.24068 0.00028 -18.00313 57.51641 0.00003 -0.04152 0.05130 0.33867 0.54075 0.39750 0.67455 0.12079 0.04725 -0.03952 
22800.000 -602.90569 -89.37825 31.26513 4.58920 -39.96651 -0.40972 -0.81145 1.14692 -0.13112 -0.57611 -0.39758 0.06492 -269.66507 -55.48363 -0.00026 12.14572 -59.03134 -0.00003 -0.01736 0.07405 0.33426 0.53156 0.41350 0.66470 0.11982 0.06889 -0.04622 
22900.000 -504.93451 -345.76573 20.68238 21.70061 -34.10205 -1.53609 -0.81516 1.14786 -0.10038 -0.57726 -0.39872 0.12350 273.87457 28.12267 0.00023 -6.15621 59.95259 0.00003 0.01482 0.08167 0.33229 0.51922 0.42541 0.66461 0.12723 0.07153 -0.03333 
23000.000 -295.41661 -540.52297 4.16416 34.71650 -20.77346 -1.96322 -0.80632 1.15702 0.06290 -0.55609 -0.39745 0.15828 -275.31643 -0.43217 -0.00020 0.09460 -60.26744 -0.00003 0.05160 0.07140 0.33213 0.51524 0.42380 0.67168 0.13924 0.04552 -0.00145 
23100.000 -30.91407 -621.72499 -11.72067 39.96193 -2.41428 -1.83798 -0.77023 1.15051 0.28409 -0.53821 -0.40915 0.19093 273.95981 -27.30833 0.00018 5.97785 59.97031 0.00003 0.08496 0.04873 0.33107 0.52282 0.41622 0.67366 0.14045 0.00142 0.03292 
23200.000 236.18703 -577.92229 -26.26760 36.70841 15.25768 -1.19537 -0.77425 1.08900 0.46045 -0.50248 -0.43645 0.18338 -269.80742 54.81520 -0.00017 -11.99906 -59.06068 -0.00003 0.10353 0.01906 0.33005 0.52403 0.42025 0.66959 0.13261 -0.03992 0.05316 
23300.000 462.28945 -419.87056 -32.73670 25.81894 29.88500 0.10526 -0.81037 1.02213 0.54940 -0.50024 -0.47682 0.14798 262.88589 -81.80621 0.00014 17.90728 57.54534 0.00002 0.10460 -0.01746 0.33013 0.51672 0.43365 0.66421 0.12827 -0.06622 0.05842 
23400.000 597.08176 -172.28747 -25.26556 10.47392 38.32122 1.21253 -0.85489 0.96958 0.57338 -0.51014 -0.48664 0.06614 -253.25490 108.00081 -0.00011 -23.64101 -55.43655 -0.00002 0.09131 -0.05663 0.32825 0.50772 0.44588 0.65913 0.12746 -0.07614 0.05885 
23500.000 609.35716 103.29071 -11.80913 -7.04162 39.43411 1.80635 -0.87659 0.93701 0.59086 -0.52865 -0.47791 -0.02182 240.99843 -133.12584 0.00008 29.14060 52.75345 0.00002 0.06782 -0.08975 0.32456 0.49871 0.45633 0.65552 0.12722 -0.07719 0.06324 
23600.000 488.79036 356.82314 4.54237 -25.11739 32.56252 2.04948 -0.90795 0.90410 0.58973 -0.52332 -0.45390 -0.10780 -226.23269 156.91577 -0.00007 -34.34774 -49.52072 -0.00002 0.03589 -0.10722 0.32332 0.48931 0.46510 0.65522 0.12823 -0.07439 0.06548 
23700.000 267.85340 537.12220 21.87690 -37.67802 17.41352 1.52854 -0.95980 0.88459 0.53501 -0.50641 -0.45157 -0.16310 209.09676 -179.11703 0.00006 39.20723 45.76955 0.00001 -0.00394 -0.10674 0.32599 0.47782 0.47017 0.66226 0.13332 -0.06791 0.05391 
23800.000 1.58041 595.43300 30.37943 -41.68616 -2.04534 0.17372 -1.03707 0.87223 0.39248 -0.46513 -0.46779 -0.19853 -189.75935 199.49112 -0.00003 -43.66658 -41.53627 -0.00000 -0.04497 -0.09496 0.32815 0.46877 0.47183 0.67086 0.14286 -0.05385 0.02376 
23900.000 -279.59077 517.02766 25.73500 -36.60135 -20.54852 -0.99880 -1.08142 0.89260 0.19350 -0.45070 -0.50510 -0.20012 168.40911 -217.81663 0.00000 47.67766 36.86289 0.00000 -0.07472 -0.07344 0.33066 0.47197 0.46833 0.67444 0.15198 -0.02629 -0.01479 
24000.000 -498.74962 319.47570 14.05941 -23.18493 -34.52035 -1.77680 -1.08078 0.91536 -0.00574 -0.44620 -0.52669 -0.17341 -145.26295 233.89186 0.00001 -51.19579 -31.79611 0.00000 -0.08845 -0.04054 0.33299 0.47966 0.46322 0.67164 0.14820 0.01150 -0.04833 
24100.000 -583.90087 48.20122 -3.10399 -4.05358 -42.21600 -2.19815 -1.05906 0.92942 -0.12482 -0.45830 -0.53409 -0.11898 120.55278 -247.53670 -0.00001 54.18208 26.38728 -0.00001 -0.08576 -0.00046 0.33415 0.47687 0.46956 0.66596 0.13681 0.04640 -0.06477 
24200.000 -539.40113 -235.86454 -21.22015 16.10866 -39.20482 -1.67141 -1.06281 0.91751 -0.14568 -0.45548 -0.53340 -0.05769 -94.53515 258.59519 0.00002 -56.60209 -20.69205 0.00002 -0.07266 0.03522 0.33351 0.46350 0.48471 0.66228 0.13213 0.06232 -0.06215 
24300.000 -381.69835 -461.72442 -29.81559 31.85412 -26.62643 -0.33488 -1.08185 0.90263 -0.06135 -0.44635 -0.53250 0.01394 67.47444 -266.93839 -0.00005 58.42799 14.76892 -0.00002 -0.04893 0.05570 0.33432 0.44895 0.49169 0.66928 0.13587 0.05372 -0.04543 
24400.000 -123.08922 -589.79629 -26.76420 39.91200 -9.36497 0.77457 -1.11786 0.85595 0.06347 -0.41064 -0.54629 0.08256 -39.65655 272.46474 0.00006 -59.63716 -8.67996 0.00003 -0.01605 0.06267 0.33721 0.43609 0.49432 0.67955 0.13878 0.03161 -0.02460 
24500.000 167.78062 -591.86866 -17.01112 38.91255 9.11723 1.62553 -1.14255 0.81764 0.16107 -0.38603 -0.57015 0.13449 11.37067 -275.10199 -0.00006 60.21397 2.48886 -0.00003 0.01974 0.05877 0.34006 0.42776 0.49962 0.68605 0.14053 0.01144 -0.00701 
24600.000 408.36947 -465.66869 0.01663 30.84085 25.50941 2.12289 -1.15514 0.78446 0.23429 -0.37213 -0.59328 0.13849 17.07962 274.80825 0.00005 -60.14911 3.73837 0.00004 0.04815 0.04295 0.34061 0.42182 0.50569 0.68665 0.13930 -0.00003 0.00890 
24700.000 570.70430 -242.92696 18.85876 16.47403 36.66591 1.75439 -1.14886 0.76489 0.31682 -0.37638 -0.60159 0.09231 -45.39390 -271.57206 -0.00006 59.44039 -9.93557 -0.00005 0.06115 0.01344 0.34080 0.41724 0.51313 0.68362 0.13646 -0.00887 0.02893 
24800.000 622.46301 29.98244 28.94605 -2.15087 39.92620 0.64985 -1.13763 0.72138 0.42974 -0.37869 -0.59998 0.01075 73.26446 265.41498 0.00007 -58.09226 16.03571 0.00005 0.06021 -0.02455 0.33908 0.41613 0.52107 0.67553 0.13072 -0.02301 0.05350 
24900.000 550.39219 294.93227 29.73020 -19.25264 34.67137 -0.37114 -1.14008 0.65418 0.51440 -0.36678 -0.58912 -0.05632 -100.39150 -256.38843 -0.00007 56.11626 -21.97286 -0.00005 0.04795 -0.05607 0.33559 0.41296 0.53119 0.66706 0.12161 -0.03871 0.06940 
25000.000 368.63370 502.14706 23.61213 -32.41353 22.43981 -1.40327 -1.19122 0.56817 0.49142 -0.33036 -0.59212 -0.11378 126.47498 244.57788 0.00005 -53.53079 27.68170 0.00006 0.02326 -0.07553 0.33313 0.40063 0.54240 0.66601 0.11535 -0.04702 0.06089 
25100.000 103.48221 606.34557 6.93285 -39.72104 6.02720 -2.10695 -1.25948 0.53795 0.33683 -0.29846 -0.60875 -0.14988 -151.23062 -230.09618 -0.00004 50.36091 -33.09963 -0.00007 -0.01103 -0.08342 0.33254 0.38816 0.55006 0.67181 0.12056 -0.04086 0.02559 
25200.000 -172.29359 585.98113 -12.44038 -38.90827 -12.04584 -1.94271 -1.29702 0.54970 0.11536 -0.27962 -0.62935 -0.18229 174.37911 213.09080 0.00004 -46.63852 38.16587 0.00007 -0.04952 -0.07954 0.33189 0.38992 0.54783 0.67414 0.12748 -0.01851 -0.02347 
25300.000 -405.78870 438.47272 -24.37224 -29.66017 -29.40677 -1.05708 -1.28866 0.58365 -0.06448 -0.27583 -0.63231 -0.18730 -195.66364 -193.73277 -0.00004 42.40138 -42.82387 -0.00007 -0.08251 -0.06345 0.33045 0.39998 0.54392 0.66997 0.12418 0.01021 -0.06292 
25400.000 -560.41063 190.78877 -28.99019 -12.42476 -40.08170 0.04548 -1.28045 0.58605 -0.15226 -0.27430 -0.63969 -0.15863 214.83829 172.22601 0.00002 -37.69393 47.02038 0.00008 -0.10052 -0.03207 0.33048 0.40156 0.54882 0.66438 0.11334 0.03305 -0.08106 
25500.000 -587.30939 -89.34152 -25.14279 7.78459 -40.73505 1.34695 -1.27708 0.57914 -0.18563 -0.27945 -0.63499 -0.08181 -231.68677 -148.79287 -0.00000 32.56511 -50.70743 -0.00008 -0.10648 0.01053 0.32888 0.39819 0.55669 0.65913 0.10486 0.04442 -0.08658 
25600.000 -468.12779 -353.11719 -8.82750 25.33001 -33.59347 2.14845 -1.29275 0.52767 -0.19451 -0.26400 -0.63677 0.01454 246.00898 123.68588 -0.00001 -27.06997 53.84180 0.00009 -0.10027 0.05065 0.32426 0.39300 0.56209 0.65526 0.09707 0.04410 -0.08967 
25700.000 -242.73170 -537.79581 10.33181 37.72857 -18.68471 2.04960 -1.31257 0.47663 -0.19179 -0.24722 -0.63607 0.11243 -257.63791 -97.17204 0.00002 21.26700 -56.38619 -0.00009 -0.07983 0.08077 0.32289 0.38547 0.56834 0.65560 0.09094 0.03949 -0.09029 
25800.000 33.32216 -588.27413 23.03517 42.26129 1.72270 1.24790 -1.32971 0.45591 -0.13262 -0.23653 -0.64737 0.17538 266.42872 69.54167 -0.00004 -15.21965 58.30985 0.00009 -0.04326 0.09868 0.32601 0.37372 0.57367 0.66283 0.08843 0.03778 -0.07733 
25900.000 312.87776 -504.65519 29.70346 36.10109 21.25981 0.14402 -1.33077 0.47926 -0.01298 -0.23014 -0.63985 0.21219 -272.27288 -41.09400 0.00006 8.99362 -59.58830 -0.00009 -0.00076 0.10668 0.32833 0.35945 0.58132 0.67147 0.08991 0.03811 -0.04616 
26000.000 519.17233 -317.28672 26.56482 21.63625 34.38560 -1.20187 -1.31197 0.50785 0.16239 -0.22361 -0.64763 0.20673 275.08938 12.14464 -0.00007 -2.65782 60.20453 0.00009 0.03462 0.09976 0.33025 0.35388 0.58617 0.67440 0.09709 0.03107 -0.00190 
26100.000 609.36356 -54.44537 10.83955 4.67788 40.07954 -1.97533 -1.27160 0.50926 0.35520 -0.21118 -0.64347 0.17586 -274.83472 16.98714 0.00008 -3.71763 -60.14813 -0.00009 0.06090 0.07696 0.33245 0.36117 0.58152 0.67200 0.10098 0.01260 0.04428 
26200.000 573.90238 231.53039 -7.42312 -13.29788 37.69031 -1.96247 -1.24097 0.43211 0.51461 -0.17921 -0.65765 0.12335 271.49548 -45.97200 -0.00010 10.06103 59.41705 0.00009 0.07793 0.04236 0.33310 0.37051 0.57601 0.66537 0.09133 -0.01152 0.07754 
26300.000 420.19507 459.62188 -21.21023 -28.94732 27.46090 -1.42955 -1.25066 0.33652 0.55790 -0.15588 -0.67093 0.05951 -265.09656 74.48579 0.00013 -16.30107 -58.01595 -0.00009 0.08400 0.00386 0.33286 0.36875 0.58096 0.66064 0.07780 -0.02947 0.08631 
26400.000 183.95373 595.07477 -30.85405 -38.18919 11.86588 -0.51204 -1.29567 0.27205 0.48903 -0.15055 -0.69308 -0.01533 255.69421 -102.20159 -0.00015 22.36663 55.95810 0.00009 0.07386 -0.02800 0.33347 0.35583 0.58760 0.66622 0.07090 -0.03141 0.07069 
26500.000 -91.78742 615.79015 -30.26088 -39.36311 -6.79256 0.87186 -1.33928 0.25999 0.36353 -0.15320 -0.68685 -0.07733 -243.38300 128.80444 0.00015 -28.18822 -53.26314 -0.00009 0.04600 -0.04975 0.33654 0.34251 0.58957 0.67795 0.06877 -0.02095 0.04087 
